feature_1,feature_2,feature_3,feature_4,feature_5,feature_6,feature_7,feature_8,feature_9,feature_10,feature_11,feature_12,feature_13,feature_14,feature_15,feature_16,feature_17,feature_18,feature_19,feature_20,feature_21,feature_22,feature_23,feature_24,feature_25,feature_26,feature_27,feature_28,feature_29,feature_30,feature_31,feature_32,feature_33,feature_34,feature_35,feature_36,feature_37,feature_38,feature_39,feature_40,feature_41,feature_42,feature_43,feature_44,feature_45,feature_46,feature_47,feature_48,feature_49,feature_50,feature_51,feature_52,feature_53,feature_54,feature_55,feature_56,feature_57,feature_58,feature_59,feature_60,feature_61,feature_62,feature_63,feature_64,outcome
-9.001747950276192,5.741946162600644,1.1228658695181473,5.217157214328028,2.154930580697815,0.6202997054833073,-4.404699298487836,-6.316119412116793,-1.750407547204614,0.7431387247261327,4.38970623775818,8.120070981279424,0.9735732752412911,9.9597203997624,2.125870504019564,2.567439143442512,-1.3539877481531297,-0.35549209726335707,2.0283008100180764,-3.280295613259724,1.6486696349943193,-4.094481713751426,-2.7775623033585823,2.8407134064164583,1.49440837900011,3.4582066825646454,-0.09772125514081154,-3.097839994385678,-3.4579168912152123,9.541560699265364,6.881152168519414,3.2644717493934445,4.242645876347719,-3.7819212238885376,-2.02828651134806,-1.225517914093862,-4.113018950020825,3.641459958951134,1.9235754188537355,2.597534294949491,2.1141228079020498,-2.2201492121787627,0.40481114445894495,-5.301789871532507,-1.1630575219470216,3.155270273764343,-3.5434884759142107,1.7683523781930255,-5.613353122958084,-1.2350898756949433,-2.3866990030669313,-13.275788723922346,4.142448046861255,-1.6283297174307085,-1.1579355924572434,5.353886338941405,-3.0616487727920525,0.15355615273671575,-2.58946561817247,4.390673014158806,6.8448852989195075,-0.7443505129196074,-3.2968411155817505,-2.088788094690773,1
-3.923920079522091,2.4874088826192553,-4.749019033985223,0.4593730950337811,1.191813388528715,2.714321541600922,-3.906284404261788,9.073978208561806,4.849633850421536,3.2358413322531385,3.915637953802256,8.802910946627717,-1.9136281197435197,5.67933275297626,12.873490550632836,-9.713695031255764,-2.2974799015529737,1.091053144523483,3.673053636953626,-1.4974391540760865,-3.8154595038894805,3.968701881191414,-4.65667513989512,-2.84697351371877,6.647072861043403,4.871986522231396,-6.638731307932633,1.6939314353745645,4.945191738601416,-0.32954094429437153,-8.316741893056163,-3.070626586296381,2.5669157097090936,6.700192415878996,-10.144254275419271,-1.4156953098044731,1.964147811844233,-5.037779405522958,1.2858464672789327,2.5831970940360494,4.627542687667302,1.2747015193750455,-1.0827188303364377,3.517777626508926,-0.8939262323082988,0.05797039437694529,6.321920309350849,-5.862725458821246,-11.403407823152023,2.361240587360109,-0.251068258970476,-1.7501544891143612,-0.5925515612875631,-0.24331788735434756,4.613860042596308,3.4478311484891675,3.4164716591450244,3.63062220440806,-3.062028063740521,-5.849463334852976,0.06706781350526825,-7.505148058947695,2.0056346388699073,2.9072632472624704,2
-1.5325019959007409,3.7236777963946723,6.626342931600051,2.701273178999627,4.396342682032162,-0.5930598090979786,3.8198950807401215,-15.529842330622945,0.10859010762695098,1.4367908167597219,1.2284548602329375,-6.805089097565456,3.2922619389397982,-1.4549074500603787,-0.4424252575514769,-3.1007310356764517,6.378697455730343,4.758590394752913,1.5953411457839217,-0.49093292804523814,0.27578937090858324,-1.6333739292401694,4.274198966277405,1.9806507944561438,-5.040835821489954,-5.40893772352503,-4.997408512800122,3.4403601778275372,-1.1471201096646269,-7.948477445868591,-0.5216101657889078,5.774659593455518,-0.21296609568833946,-4.9201003744253615,3.493405250036899,-8.652031762009315,6.370871350606216,0.6310463859508022,-7.679424096558707,-4.236017995976856,4.558134006885194,7.301820324014731,0.04367930087413341,5.188891332183444,1.1790864329331048,-0.41929584880439397,0.23928935058820766,-7.89804441105609,-0.6900106332055167,13.644030083452705,12.2641352943135,3.7557712007332054,4.076884572413061,1.3586728285124234,-1.4225515146189855,-4.9232639501907585,9.184274661798424,5.1098010971894485,-4.32470828222698,6.327630116081982,-1.70817272138709,-5.355155956084031,0.16345913235407106,1.2629897798629037,1
3.995281010210391,2.0994735747524227,-4.384467671674061,4.815607517172527,-0.9574008481867433,8.99909103397359,0.4795227737956529,-3.6262280756363827,-8.605572029650856,5.243049595184116,4.126112994419573,-0.4593168688538003,7.282319843759724,-6.130223726918686,1.8666086356374048,-6.238962760169121,-2.649374313358806,0.21849796161646728,8.10636043503917,4.236531582094081,-5.477766592300275,-7.1615692909400614,8.141748000049105,-9.03385081991834,5.015869545701836,-3.317138368342206,11.761911290903619,-6.104194127559844,7.313624796267078,12.701804085566842,2.632671266711983,-1.9527020149335415,7.289245372393523,-3.76177915645935,-3.6136369080987363,7.754704204346713,8.677934621406058,-4.732977019249886,6.697987552523546,0.5611904958575973,-3.4113436162844213,9.364045128116828,3.4966664082673344,-2.081161626933837,3.7772324743122807,0.7896795760126334,3.4487531726266845,7.435580164609966,-2.973977634826379,-11.714215416609623,-7.772745964963573,-7.5399877612664294,-7.066952677776609,-1.7243410816192202,2.9430198148568287,4.172952833721123,3.994583806744667,-2.0334653066230586,5.642099051040187,-4.966574111341265,-0.7644644739549877,-0.3856727697006266,-3.850682722891298,8.79626404897526,3
-2.086396935660458,-0.2596451789696923,-4.607561536143349,-4.631323846803902,0.2300497541216775,-7.143522863727124,1.6465911793948913,-1.3091683441466058,1.5708335292411073,0.1449945149344456,-4.911001564373794,0.8651945136547374,6.0233960357545495,7.361009498646839,-2.9502721014756523,2.024175635795417,-5.059516194048777,-2.2929315574905997,2.599606380410266,-4.608668445892078,-0.3745746947199784,-0.4803203694594296,4.016460029753375,-2.177513990182083,-2.7263292198321643,4.329810818493765,3.0508480739817037,-0.3160033063235016,5.986952148247724,-7.830284871020183,0.03656150298536831,6.892864050144869,-3.6209632426288154,2.5727822013408845,-1.473864461816087,9.431595361236804,2.4644095802373873,-5.333474227774304,4.197610378953115,-5.755889707714303,7.304996667378483,6.552255388845795,1.2945908581108778,-2.7239916065690712,-0.1854762030592778,-2.939248797624603,-7.2139276281013975,-7.236576097166641,-4.281976908710285,-0.5113126073404236,-1.7727527561227083,3.466033721977179,8.52762066920103,1.7944043596196937,1.442606217231305,1.9182484862741553,-1.4443514627226985,1.4888744324433731,-1.8888084269584762,2.5490719063392158,1.806045383983224,-2.805358501013699,-4.805953856109026,-4.379934606144888,3
1.812542429564059,-6.916800056079449,2.4821796408372077,-1.755843020139599,-4.238737260176093,-6.371153428867879,8.646961783834747,0.9930070712346475,1.6368410929842072,-0.9972732781666895,1.3842706056695078,-1.8355037756594559,1.8658842095483408,0.21004510933441334,-7.577733156680493,0.4055851060890088,-0.9034902722505178,5.7657190146861925,-2.8162112343445243,1.006728891331845,-6.153180404897247,-5.848021323330926,0.7056594148770345,-3.909332588968297,12.835661938545988,10.03163419450105,-6.4190849174709514,1.4443989064831373,0.937057606791661,2.276272386815276,1.6667703078626235,-1.7421979605218687,4.411073894919163,-4.946402252034392,-3.860523388304567,2.096945159014046,0.884643969662007,1.7536920644454874,-8.034571300267494,-7.228553663964071,-0.31307207925000125,5.569379326118848,-1.1755166061869922,-4.64902456909512,-0.7310884493233039,-2.9319719727587223,-1.8360222723798136,-8.816746497832026,2.3371253240588556,-2.7884102519989016,-10.05160856565226,-5.965300425514715,-4.188170572065479,-3.3358549162127273,10.171939601827088,-9.141679439034494,2.729780771966463,6.7146724362066355,-0.7226403501996264,5.884457018636143,-0.15558451857324807,-0.5254192863110074,-0.10441170847174441,-3.2821136521524426,3
3.512204680689581,-3.026942682907992,1.5389473238115117,-3.3067135514726216,-7.203373278820093,2.2280097444697446,-7.522218304759224,0.6175687640928368,-3.7040287902419724,2.0146540546625875,2.4471074917862516,-1.8221892222351221,-2.165020037947327,5.221453320000081,-5.369614150587866,-0.10366090636667136,1.9145711987688148,2.962327509240871,-4.0891776150697705,1.4269465743184608,10.575635336380744,4.757532880198297,1.6287434130818808,3.116229526588824,-2.1599177954300446,2.1412961540072537,7.107133479131068,0.9081654799394797,0.9000413639917786,-1.42553646175991,0.4485441070882026,-4.561112602986411,-1.261282328834358,-2.73913472961392,6.137867646004074,4.717952256188497,-2.3420158958994963,9.414641592174844,-2.6466730107900727,2.1640681597550597,-3.5227887531593236,5.381783243374099,-7.162074499903838,3.574378867012867,-2.0644471199600734,-0.8269469813225556,-0.28570290282947686,-3.6595285542267506,-10.32648906038285,4.7488724829286815,0.245072437363546,-4.756856202622934,5.054208248809735,-1.6465817098740363,-5.982738404906127,2.118301087344106,-2.826799840079048,-7.425680805369079,3.4956439292306687,1.340072389257212,-5.298014299450873,-4.525347205068935,0.8532901181874528,-2.860311920651296,1
-0.11929795229500906,7.118070180399606,1.5032994571459306,-0.72969786073029,-1.5773771855691567,-3.176315200274593,-5.411652595971354,6.3151000966905775,1.1840217884143072,11.48147370915383,-5.9676544501203095,-6.425801521079861,2.5402258518449914,4.157065118798303,4.2865141429996445,-3.635788048216524,-0.07351138804947599,-6.707975741514364,-2.2109254575793087,0.47766992751454784,3.411370212303119,0.6537210520910683,3.2064534937193505,0.4412993534587003,0.9983984815787754,0.5679779076394758,1.347770503590572,1.2715386705279896,6.605464551243905,-7.72173688841384,5.09580015401668,5.821262471192368,9.23995769572544,2.4721378695656915,0.01999573435251789,-0.4440254566396771,-0.18335377758356342,12.079749920472626,2.5084258852185055,-2.6515801893072,-1.0261442239617622,-1.5930353796248633,-0.47038476360400683,0.1913677730790201,2.07784637444888,1.1001581043402033,3.345025876630218,-7.774015787958227,-6.910036399305842,-2.7303244438387693,-5.152408620980485,-4.394157381154463,-1.719940000996276,-12.237913414922167,2.8792583490307377,-2.9157402758892186,2.8734129366676764,-1.785561660618765,-0.9882898157479505,2.7120924648946305,0.5660011279914534,-1.155345437770733,4.548433092979665,-0.48831905567140965,2
6.503138972183031,-1.899963390772999,5.931273139197226,3.7741632722347003,1.0707878887059161,-3.3396443495010173,1.0486554139175044,4.464715076491483,-5.809831306078225,-8.261474516293426,10.03390348091935,-6.2846957487081845,2.0334647193552327,-2.561364909962662,-5.7538287632060925,7.30233043250314,-2.6809615832460336,-4.834149516801266,-2.476219325808777,1.264790047812708,0.5860060218964835,-1.2130288218678793,-1.3463778035484775,-0.43492909648685885,-8.390086833857529,-8.856576564729846,-11.964576898417445,-2.896769240366308,4.708822894832679,-5.538876829867012,3.147775224097307,0.20841643636481688,-7.897110693006825,6.637233868934863,-8.24193106276511,2.678358576196805,5.90563803939812,-5.276394863003154,5.439804153720192,-4.139898178399528,-5.746425177401247,10.752158751918929,3.4732080701761765,7.178707873163582,1.3651205249806981,-4.71539349301679,5.895273256077417,-12.275988813316456,-4.8216663266344995,-0.369169348556313,-1.9418612334637837,2.1957374862442673,-2.5982694497747127,-4.2105034502744925,-2.527766998156659,0.346234651202598,6.587906508878278,-3.5781033946632315,1.702667575750743,3.38873874325207,-5.298761979492923,-2.097035830981768,-0.42300446715489715,1.1468349073381265,0
2.6473657643715054,0.3332097819528299,-5.185195206936448,-4.632290473222029,6.996834477443923,-0.5063523367758191,-2.3385915925511243,1.0560192282262906,2.3747594257990947,2.9537547571861973,1.1749555722103038,5.36699955438139,2.907427356901147,1.2257213185586444,1.908681881940069,0.565859741560591,-5.999900003585644,0.37685075395968115,4.688758779430044,-2.6541536836687003,-2.0851556687877637,4.2736123269767,5.879111690256353,3.3084533038367745,-1.4985308383191358,0.36257949392236777,-0.9904564787611331,5.603707341309646,1.1238217369379786,8.347069779655452,-1.1167591278343987,0.4241333164756589,4.245300407237512,-6.503046469901152,0.39833449399015,-0.06731572057380708,-5.572424071498324,-6.46638487344732,1.1929310602738235,0.06975000541768528,0.8062624896471187,-12.838019148869387,5.52967121757355,0.08323193072601054,-1.4654031396614777,5.319485446692574,-1.350296926247681,2.8880378712810915,-3.074375046682447,-12.844725504352754,10.54347285323297,-7.295464818412689,-0.2560503752434523,-1.4900095939979359,0.8944500801556086,-1.0170931874088653,-1.501543542327846,1.0269128532274303,-5.551665107889396,0.28954100882593625,-7.7671009204303125,-4.043338649461612,-4.812813019368195,-1.298798556219218,1
9.976983357189395,-1.7501004001847518,-1.2507717979964266,0.6261676971548735,4.779584261058728,0.2943839733501714,9.227933728989184,4.99001927792735,-6.11217507782666,-4.167940311291007,3.4086346954237614,4.513159193831686,-1.7597046235381462,9.142260228957957,6.58002063606746,2.1269196215811768,0.013720495930094723,-4.397898279665976,3.8049464525957224,-6.519419589737688,5.905031636213922,-1.0625617471571205,-2.8144570520189776,-6.778364482922284,-9.239574856194237,-6.731713792501669,0.7235280680604408,-0.49423629711728045,-8.383140227660135,7.901802149188359,2.183105653382479,0.8087187551851802,2.9538587340953564,2.442371762575032,-0.8283463554059802,-1.8342260687386864,-4.966001584284648,8.777543429433127,-5.729493168361499,-1.822692857263502,9.047493091474388,-6.400518221531916,5.701657114635604,3.331761082705667,-3.0796345778598138,1.2953429684682396,-6.967562257961013,2.8008398952907836,3.3220696220217483,3.7031447408060627,5.374806048565149,1.0753584734762132,-6.3000779662564765,-3.3640213358256577,0.8153665553143257,-7.0182029680142195,-4.214267986198418,-0.3041943840756225,4.215747344480077,9.875034415467839,1.8916668695937136,7.200359498489938,3.7635238912478366,-6.913391733921789,2
2.6783097344414175,-6.707464355034316,3.669816418783422,-0.806699823548502,8.121764847960762,4.780087274757768,-6.186120618892815,3.669910837105302,7.221651515731075,4.9081534083027805,4.857662448167186,-3.2948504739037165,2.649474519651479,-3.4484663747759177,-4.612007044303649,1.800587999933738,-3.3414786262496756,8.740391287499863,-4.834232874392788,-6.12199986462248,-1.787324492813161,-5.542710210498284,6.52167302126945,1.253475311138577,0.554638526325019,-2.987389698668767,0.36777988632460745,-6.0565610813007265,0.7422962121317055,4.649285032812952,2.158898543271264,3.5187125589554693,2.6718664247679893,1.224652772876357,-1.3466076754557,-4.940229130836416,1.9121437999373088,-11.229379397526243,10.665385165220886,-2.3027415491308654,2.6608520649125365,-5.671291277821433,6.412562472310071,5.249887204900965,2.591413279164778,9.97376953405025,-5.685377737657526,-4.923227717762773,-10.3095696967138,3.1330911814823525,1.854273608736467,-1.1289284173125067,-4.671166299157869,-1.5398190563642626,-0.7879535307973458,1.635430130324091,-8.088246669350381,-2.673097171541737,-7.790358581896528,6.865818592337135,-0.13287735075471807,5.627206095894581,-4.682618916802642,-3.3901119926060757,1
4.823567335446129,-2.194815681252945,1.4558487725913007,-4.821455465742012,1.0265965691208951,8.466214284673981,0.08443633498238601,2.5750612830805206,-0.19132593552211374,-3.715558128630714,-0.2789158311749331,-1.8795722064539837,-9.603972951817946,1.9748915807213856,-2.160873276022795,7.771454212806509,-2.7839723739049953,15.565816768687444,1.4730505197450596,0.023218152914263435,-3.1993324634950917,-2.4026199662119927,9.731465125853802,9.268821300664955,6.339339945108035,1.5581276422311552,-0.7660521970316729,-4.089686234811429,-3.2196964488204465,7.397853307677666,5.790032885919646,0.11555095961229866,-6.911797437205972,-5.402924042518488,-7.0778578731075585,0.560336023460331,1.338487014907032,-4.227257232907748,-1.5998128702104397,5.7766621824983835,5.612384200285542,3.217423949249512,5.31094585902014,6.681376295792899,1.0245405839403636,-0.5052854213172017,5.099884736728155,6.013456119030501,-2.2898894057857513,1.5523334593575373,-2.620444400698793,1.9422211998410133,-4.333739761516058,2.9639418581258745,8.301545991863387,-3.8887901859454805,-1.711011028082062,1.1543209273164998,-6.445498767703233,-1.3254753693752415,6.958590642648253,7.6708687642868245,-8.718644411170061,-0.7533620189496788,3
7.635268765304967,-7.75292392036799,-0.786351305666984,2.8553014328977726,-1.9384790483405456,-4.733789924748924,-0.16841651961971893,6.51803389743441,-5.999066981815327,10.963879261679311,1.6734425509839697,-8.91143318946623,-2.407068733829327,6.608174563318307,-3.7890203404233413,-3.3138117222420487,4.504297207969051,-1.4486144361019186,1.6429580897080331,5.431843378547566,-5.2450535961147535,4.914132732888897,-3.97712355528195,3.4308084444819555,-3.5553548348768116,8.788183827454096,-6.851979782364696,-2.2525431507469236,-1.9208835533090365,-5.418890704623393,-0.050970068267227275,-0.294714677953581,8.03423299008115,-2.3234475765296065,6.327346400362745,-0.5332075135609076,3.50272732836674,-8.556828653453849,6.74553511273012,-0.17270462110693396,0.3276415952011096,3.2153088151997054,-7.896325152739756,-1.7361766733943291,1.0585939317277266,7.7466269568917685,0.6265086141585627,-1.8605611167921325,7.417129642049812,0.7212050847309734,-7.507799551774485,0.15876591612626512,-4.7713042300877815,6.497935232366127,-2.98918173899796,5.4682581840562205,-6.475076810254415,-5.7092688860867975,-3.126454435454942,1.2375061276525374,-8.419122712946995,-0.6151309552515418,6.47501659169626,0.8296222074298207,3
-0.39595546551965644,1.5245000616776458,11.42479815287282,0.9598268186190793,-4.483303403805879,2.5077535255460712,-7.056631967348634,-8.81055511613649,-6.763516263670474,-1.0356107557851955,3.4389294575474807,1.1370727082350935,-6.828945580303477,-10.579715586680612,0.6965899633331146,-9.507688141540491,-1.6449795080029386,4.668763186981804,-1.5697872793913648,2.8061325272662163,-4.083154024182281,-7.364684316738497,-4.928002593642293,-6.43423203506039,2.376067157617316,8.827185516540533,-8.533529048559489,8.93361504424331,-3.2546923300934303,4.828268651485616,4.9306385996392175,-5.28279347660532,3.169925214965607,0.4634310469945051,-3.9813596923015053,3.901253965862825,-6.291180325887159,0.4179277702304408,1.2735870197986867,7.090780906286661,-5.189308149575306,6.240341681448437,9.359862361449382,2.3330743948092336,-4.696809390700546,-2.2194715427451905,-6.159334805181012,-10.654308769417574,-0.7669109183272811,-2.8407633485029136,-2.3951351189559125,0.5106486922310376,-2.9495815511101386,4.6134773372129025,-0.3458638137958394,-7.392218017189427,1.5322918565724328,-6.69053130945097,4.540454221567835,7.164215644726129,0.07336801336533816,-1.0569191310803066,-1.1870702209182067,-6.596803808689116,3
-1.1583918555729251,2.6400527553000135,-3.3785709992605883,-7.0926308548340735,-0.6153761366663582,2.7739639144177817,-1.9558545303722257,6.39496933227564,0.19527636628903378,2.049867746135177,-2.7462819832202996,-6.232367283273124,12.620737065956549,-0.20812703620274609,0.4306214382763418,1.880284618716116,-0.48729347584029703,-2.9693845009327693,6.762148618317789,2.5156443874288223,0.1903304080848287,-0.8831116344077128,5.139254117493802,-6.405727214983238,8.018680590479253,-4.834196431057621,6.800011982420077,1.0925011717305075,3.2446068106334724,-4.796816802030179,0.6818519799645575,-0.51775991554184,6.696064024610778,-0.524506825887427,0.8393665028919808,8.54611119036826,-1.3861345450305196,5.051486813094461,-4.5742476218787,-9.10253110982773,5.449212236931828,-1.6136209937135564,-8.469830009793807,6.259860372205635,-5.014584992397218,0.23921780460498598,-6.437887127932727,2.6773033684544525,-4.559154999023988,-1.8477639408711584,-6.361878090300126,-7.808327272884346,2.5240032649235173,-8.869341228269706,0.6172752728169033,-0.44109648245241706,0.66673483671813,-0.24603889883725538,-2.7747527325762347,-0.3523672409212155,0.1255526545153809,7.9412165687519325,2.564981510118271,-1.6546692352165255,0
3.7543754157691915,-1.1516295125076335,0.7472329709080214,5.06770532750749,-0.4794443344834024,7.097876367046781,-3.839910691647227,-0.6292182866961202,-2.807379809906609,5.620621185746907,0.9814185780125682,-3.249805645677893,4.034549948451519,-1.1634934422948693,-0.7621394536274586,-0.2777042575249724,0.6987004544186002,-2.063377353328874,-3.0473497871204933,4.223367768016974,5.10458730563363,6.796116156018588,5.182386614413302,4.1580362293413895,-2.4818997466601376,5.366715146438395,-1.7625894114271277,3.6408644555335385,-2.050402565572961,-0.8272101013512918,-3.1381378295475884,1.3052334884865369,0.7261341212299511,-1.31180726607857,-2.3622942186906797,-3.021790953326395,0.24951870095160888,3.790829557099398,-6.399075637471241,8.690341067057318,-3.0758762119205896,5.7189708752896635,3.311321868147842,-0.5772376438270557,-5.728735898821781,7.614335230109788,0.7403088077612612,-3.5121370788545,-1.0020330857551845,-0.8777804301755925,-0.8636138952569037,-1.0574431456120623,7.711274158177092,-1.8265941509080288,-4.202389595111704,-2.2407591729887377,-1.915659720699927,5.273430706982142,1.0624673114938696,-0.3797704544891203,0.8089700412026134,9.821590586701388,3.745994715480826,4.49480502768807,1
-1.7069839208464455,-4.197478626380238,2.6115202160777393,-9.232163834975545,-0.732989033804817,0.4335353249118884,-10.226797726035732,-7.412011265994186,-1.4103483660383436,7.734486757717591,4.546478807291189,-3.8636527531141,1.4744241974516257,11.175002797163486,4.799118586945727,3.174105659261808,4.8793583544271435,-5.773728178091073,-6.704747841700944,-2.630066803314037,-1.216500303160882,-0.34416600733563985,-2.916517429458621,-6.228503696659782,-0.28901056377491463,3.014512397878101,-1.8336348599820593,8.23413010069018,-12.266739656495036,-9.048336207763535,-3.0305801822210165,1.2255873361106837,4.903070206688142,0.6783222714055086,-1.4011422705578522,-7.948494249648598,-6.8735192684035615,8.258632438978847,0.5051095483307013,-9.412006289612563,-1.2430379183508453,9.210139296868382,3.43788201332738,8.209327429080899,2.9057033433548507,-0.6345301176127711,7.657231914897592,-4.578734852808877,-3.01832355038039,2.983496328212058,1.7083535596608153,1.9266351911465072,4.231466807585593,-2.0066459904936886,6.747028386962555,-1.3339415410615225,-2.461134296365416,-0.7302446374448697,-8.519976594838147,-0.1583402293142604,-9.86525297667691,-3.232895403920544,-0.34589149271630304,5.817745512611652,2
-0.8202113005280187,-7.588749114400527,3.114659631919908,-3.113897617012128,-3.6960870477105825,-6.347162813016276,0.8570599053915489,1.4123684282692641,-9.313102359296659,-0.4852756650670106,-10.702449172399806,-4.858636363207592,1.1179282545617277,-0.8541445245121269,-7.880048952199566,2.381744954861176,3.3694385455825966,-3.679506420910879,-5.974244472636635,1.7706940261729947,-3.340082643852422,-2.3531032780641277,0.08533656985304217,5.157995549431275,1.2017075815248695,-1.745037057335114,-5.360150583561393,-4.565207349371151,-7.035338635602259,-7.338998246016971,-0.766806463654557,2.0004290101778253,-2.465730495427468,1.5374533595793058,0.2647152749767362,-1.2536107929149929,-1.1888905138797634,0.8450631717649095,-6.701688476626584,-0.8990473570190225,4.08747242323043,1.9062384335239932,-3.8559409722529114,1.1120848810100812,1.2814937219164904,-6.146691503719762,-1.8711311931040289,-3.6616438355181367,-7.001699345689591,-1.5880488183007326,-5.0512496366099615,4.591809606504346,3.038899811754041,2.3719157099283024,-3.8050932312300416,-3.1940557438143964,13.123179216499437,0.6670901490617664,-4.831473717978677,-2.995531270622887,0.0526687292485607,-2.773576666242805,-1.611257333087265,-0.40331154403775604,0
6.633906848858318,-0.062410082233590236,0.1390180791685225,-3.0586175831183806,-1.1283392670629597,-1.3908014434950244,3.824394498794932,-3.5362624834204706,-1.4826947331713187,5.222222152611481,-5.519294586546119,3.6340977953477474,1.649688932070919,0.396856588611743,2.6572522671787135,2.3931561065090987,2.335399645682159,1.5515064009599593,-2.273953516423826,0.16226403199805173,10.035193565421636,-3.7777272157368342,3.874595425881979,-2.4669947922236766,5.180527297777337,4.362402485308349,1.085811210589232,4.032102981416944,3.770979110013185,-1.4058844316134467,6.382181631795875,1.760866076512733,-0.7786581635353516,-1.1948000255282167,8.370119236897239,-0.4419461385669803,2.246856640561082,-1.7298258182807174,3.0737011014056534,-0.05867573301388651,6.689738819182654,3.553673617835821,-0.7006866528985571,3.02147421380394,-0.15638523430054185,-2.4755601385889445,-5.940811872083118,-5.748944337959694,2.7668510435185247,0.38446208051584096,-7.753822280285926,-4.887727270050707,2.89502447544948,2.1900643559604753,6.487535673112537,-5.104864996321336,3.3571565041067934,1.6658052056413655,4.875326106936226,2.8185205004910348,-5.372527178089448,-0.10563583849242442,-0.6265031635248999,0.05513505805396557,3
-2.3678851403076226,-3.5161376528254027,1.627042379104946,-2.6098443075041686,-0.8891991481601116,-0.6319427882770576,-0.5577434547902953,7.954350465264573,1.900684332782196,1.813262206120744,2.5314054080183617,4.011977908807517,6.009352205039766,1.0669544087296956,-0.8896854783452004,-3.2829004435013127,2.4644360917306356,0.5193028726480431,10.701576417313134,-3.276027450270919,4.140777108112928,0.5595633005512295,-6.144763740304221,-3.696089557945079,-1.5489541350805864,1.1813835071538903,-6.0227005855901945,1.03285324347712,-1.6956343720759124,-2.179455089296115,-0.7469253794462138,-2.1706200407175427,-1.3142112576639065,1.042122462410029,3.672921306814294,-5.823460568630695,-4.579758329439863,-4.115549647454312,2.135795701730615,-8.463137314794363,-2.0427405092190183,-3.9000089365665738,2.1762576352971634,2.3957870533668686,-4.794345490772741,-0.9700599109236374,-3.376835115082619,1.2033501144268697,-3.5792984233405853,-2.2410751688826673,-0.5198487560899521,6.797015970979426,-5.77242946644549,-0.40925384953755306,7.367371233450131,-4.977094292176192,5.922307539824353,-1.6849593616777243,-6.5918058071067875,0.4534580754203824,-1.1579382894836856,-3.825713231391334,0.4823375237665517,-4.138602671052741,0
4.300521284456112,-5.249856217798124,-10.373631710135598,-3.7806004356426994,-2.270632260370979,2.8963227432184375,5.462989361849623,-0.22632603504594306,6.854470192954823,-11.073854698290953,2.7713669758242694,3.7676417150640837,-5.268755107712645,4.938858920370666,-10.577611934684606,4.233302561752779,-7.615260175873761,6.568203123668287,-2.21536790060254,-3.385592325243075,-6.286464469561874,-15.184655707562738,-4.7045280479958045,-1.098404030710364,5.939741965090956,14.501400572843012,0.5200284923994386,4.518902928523669,-2.0810578654346785,1.538531123856771,-8.166557617220281,2.1903376767047065,0.8898329579060714,-1.0028438799165644,-1.393485839749922,3.874706188935246,-8.610986204544767,-2.213909386015468,3.673330559380817,3.8403602470214717,-2.5642505671570888,-5.812708534101568,2.802288296371489,10.157741611438118,-1.363990549744368,-10.799510558164506,1.7147095252906985,-5.481194478012794,2.4025523437270566,2.605470875420374,-1.8573026572528875,-1.654812653107144,11.834828152681999,-5.992515416925432,8.212215440764897,9.678617808222675,4.546882203142953,-9.376287706401987,-5.862044046616625,0.3696830392683865,1.2996369985534422,-1.9791079710778532,-6.255552246258692,2.359274698104561,3
3.9179887080514875,-1.1259460737377534,-0.49959504530854515,8.822080437698528,4.866636746223131,9.187794129510808,-0.9292266910000042,-1.9371806105565121,-3.2166376639823975,-8.116507208013505,5.414704600845511,-2.7832338882493937,-8.098446978196819,5.786509704392009,-0.6932035188779821,1.5861093460757552,3.1621840765258975,7.528468527410984,-6.276413305951102,-5.2398888801128845,-0.2783015421222389,7.272912184304705,-0.5147538266633824,-2.6254745643156543,1.8567790457262254,-5.527897954456172,3.593055244106517,-11.260325610098276,-8.122864282122155,2.350088814645936,0.33181918240043573,9.434903337997087,6.67788480415773,1.0309028495336152,-3.7385668585422125,4.981905837646453,0.7105184960734474,-2.188133716158572,11.650158465425061,-1.2914321548797525,-0.7525344897277026,2.0335660428905475,-2.3090495786517744,3.9654999849568644,-3.140145128376684,4.92630225558754,6.718743063876989,-0.8214804030444249,-0.08982143034087264,3.3949294884643146,-7.797253858187316,-4.609089738706832,0.7799839390178538,0.3265307235136423,-5.971798762070177,-4.891338289439392,0.49479855279974494,-2.585643793516287,-6.0902505514800325,2.2280824355332984,-1.2082529924939593,-4.913801954872621,-1.1128530201088598,-5.500885890666397,0
-5.508743561698795,-4.687477556792331,1.8037811044421224,-0.9358617828186201,0.7971727564314173,0.9378995797026617,-4.963296787142267,1.8246784055148808,-0.636665720433589,3.22117515786371,1.8791555566996645,-2.5514667302128093,-1.8570576140219535,1.016740659959373,1.5978504546611447,0.9530018290032354,6.83595589883564,-6.000299219856097,5.948790919758279,-1.488892628574939,1.6040243856689553,-0.678572891272375,0.9916836490659113,-2.0359303060148903,-0.8884847096010124,1.3001262000163303,-6.40598874296345,-5.482445119676623,-0.9776394801245838,1.6339029726629484,2.4736981550610335,1.0362541922735882,-0.16033544525800147,-0.7829655595606795,5.334132163978749,-3.432496410567792,-5.33868465515426,-5.139345119161158,-4.998919056844266,3.735567125757274,-0.5144145639469171,-1.4662769056084282,-5.79661612517974,-5.055661237905539,0.9489421580173902,-0.3421762738099172,-4.025021216011043,3.2074902566979917,9.951296325437067,-0.34883542205008977,1.104074617826197,-2.1726380127168747,-2.257567919125484,-6.922847739661465,-1.0884697956510099,-0.8106378531125653,-8.180249419761797,4.275464145306833,6.073897470496553,-0.3610802233045054,3.7541682111557053,0.6016690140901804,-0.6249253239936374,1.79280009851855,1
2.6377847999958157,-0.17964857950035373,-1.3502317035306741,-2.984383669214269,11.80452589915318,2.0796164902004852,-0.9959293996806049,-1.8348133766890424,2.7957189597994345,3.051722047150577,1.390517691926679,-1.0745080938735583,0.2966306483576675,4.576272961997578,-3.287974448882549,-2.714428074110481,0.3492662155479189,-6.4714391386802355,1.28604741694709,1.8890925630631927,-0.11171221410027443,7.948442903329415,-4.621883670712434,3.456879927356122,1.8702946427006477,-3.0854844722990107,-4.554453926798585,5.111926873963759,9.129568816064584,8.712936081798691,-1.759854245853146,-0.03142128815770229,-3.3313120889697565,-1.6603224997573531,-7.21564178057373,-2.2656855133049465,-2.2846123082345517,-2.10168403189567,-4.730981832072346,3.9715527952727236,0.9068853897213882,0.41135622458869814,-4.06331498423002,-3.0296989983574227,-2.0379809304576066,-1.6197238264107994,3.351699382282039,2.3147933469542306,3.9731486875781217,4.528375382909198,-12.276774491499532,-2.3994083833856434,7.787697614916029,9.185834578982073,-5.3690708647380125,-0.4392048044317911,1.4146771402765477,-1.8456677487406,-5.094472975285576,-5.314218436088549,4.936358586072034,-7.488867851595606,-3.3353803363113865,6.932025308403022,1
-3.491628165584256,-0.3552852098100079,-1.3096665131851823,8.780523169246687,-1.3275559422324061,0.157597507166523,-2.492524026132361,-0.4242291620601718,-3.300059060378392,2.8594513044065937,3.4929111783765503,-3.827934006490866,-6.714541793431988,1.1791961011724128,-1.5853015001929327,-3.896352396562656,5.6477220399883405,1.304359883455818,-3.658552025832453,-1.6817569240605845,-5.668682031270381,-1.8841970679784148,-2.5413005409976144,2.9654503388495965,3.348890676530309,3.7127817437259667,-0.549712078976099,-8.237843866521711,5.05076684347819,-1.5312675034196968,-3.6654370131353984,1.5128006335936481,2.9269589774979288,-5.824848152871995,-2.566862321191702,1.4932052936150364,-2.9268689596889965,8.711981800139716,-3.7351394153750856,1.1799264373276008,0.546312658507629,2.647983793654657,4.08039207430022,0.8805463760005727,-0.05868091290232935,-2.2518023912390204,-3.3626579722977277,-1.2107088071905077,7.330715794796012,-3.5594411936638597,0.4106137974761721,0.15204413447578624,-2.758710089357462,1.742724221798317,0.6837133594040206,2.400747771566339,6.280640890491407,-3.952042634024373,0.510882324278267,4.899436321229954,0.5924123368756858,4.002473880409067,-2.087577647289436,5.86595665882859,1
-2.036994405721475,2.303633435801647,-6.377733804153102,2.5764639283250084,3.5078737897823005,-1.5022397009943207,0.0511913271808867,-5.119371860830569,-4.606425444897313,-0.7894647054064767,-4.05759651790383,-3.5829358414268833,1.3133360547240787,-4.737317117126466,1.778945219235683,0.2855232747131422,-0.5760653812431684,2.999199170696285,-5.47833288707731,-0.26646577405454996,-3.8680816046544075,-2.135279710990444,-6.599412117984632,1.636291451302845,3.8740601808097415,5.913664530543475,4.204465357648232,-3.055384766663024,-0.5345800778176979,8.4745547411837,2.2936004098564142,1.8494640521764443,1.9877850539407815,-4.644185687767303,-3.0680671310722425,-7.266359380194753,-0.2601875838197829,0.4450896517889259,4.914807293720948,8.94247391670474,-1.2701308613717042,0.6539359641874749,1.13211794160102,6.23681810301083,3.9252646817733114,1.2344119825561575,-6.01436617837703,7.9612549048642265,1.0755881929343487,6.009028101698084,0.9926369593838579,-4.8292128814403394,-1.9649106798498481,1.855451982786629,1.3378769379632716,1.8734545027984768,0.24659996703359932,1.6303746242031525,6.427808627581472,5.017459705091425,-6.610966246367257,-5.933342060568719,1.5375856344113934,0.6623843679645042,1
1.4563590036090668,2.095789872162669,2.382032704689217,4.99747359255342,-2.3923382962049047,-6.213724257517447,-5.716132387191132,0.7499067662531063,-4.0092188895608825,2.7618944591687966,4.703384778049532,1.2962730811890562,5.574841054912003,-6.476833755127541,-6.624124517993181,2.343713225712441,-4.553617786388424,-2.1238163412998454,1.737315858276372,-2.291801077438959,-7.160602273349198,2.7796764145141744,-8.780200275950293,4.465118789268733,-7.832796018896656,-7.684231009604989,-1.7603357318704926,-0.525755568688312,6.023745628432954,4.213399720475157,3.1009178637091113,5.141659779009966,3.539477159854747,-4.184427710387045,-2.8684770243648203,5.620026041890696,-3.727084884241231,4.3435194009653815,2.028035342034121,1.6015543178232217,0.02641666235693907,4.126200144643616,0.7631184670560289,-6.700681296152086,-0.06370226376060462,9.461444821893247,-5.501178098113068,2.601231770576681,-3.6084943459966436,4.890591572432889,-3.7329967589667112,0.8710063526237453,-1.5930909468135712,1.3144746344069187,3.9846431543196594,-6.587732959487165,-1.5851898532264954,6.499953730375178,1.8343525546687358,2.9170477383886784,-5.1003341746239705,-2.0458576409884444,3.6695333834125097,-0.6126675163180172,3
-2.6082170279986525,1.5242561784365296,-0.7887140441473894,-0.5176336893090054,4.326846156820546,1.508048221553093,-1.7013025543423668,3.357804788031944,-1.0314434144980866,5.061978200996128,7.455931884948739,-3.67749033823182,3.4360507466029904,-1.914344481497286,2.9365591428937163,-12.928321338193413,3.715355502918152,3.5185767982236715,2.9637401271953134,2.5275788836230912,10.884955797296874,-6.9043759868162855,1.953998129621925,-0.44314234375654116,3.0338367930915076,3.8249310575267854,0.6550906191904791,0.5522780664925167,-3.273308965597179,7.348730455765873,-0.6052621793732866,-2.158936041644135,0.09322137628513683,-2.8041041047466138,-5.746550324298204,0.3726412486277091,-3.1623591381590375,-2.4004464152233167,-4.46203570375955,-1.2599433436805465,-4.09684830302624,-0.6496222429723739,-0.3096947540388151,-3.3435579464155385,2.1914921623926635,-5.451750715938946,5.609336242477434,1.8844741465322885,-6.687554526983859,-5.990677171185999,1.9808030856929344,5.725481634774568,11.715289873015443,5.834219223453561,-7.201299291943515,-2.7873710814916715,4.608293141183502,7.37425828406278,0.4735886611479674,-4.766191370399686,-2.293252593325299,2.865602454774343,0.45376915855844246,-5.888871205994507,0
-8.10746983500192,6.413364502659405,-5.080243691321888,3.3084168824773186,-6.950123857858242,1.019499310035828,4.265915239199488,-4.557264015954312,-1.0222207114334596,-1.5973878643399453,-0.2726219716459106,4.871437392036137,-3.798900481150743,-0.29453989230258537,4.130941399966018,3.0248173931616904,-1.2432083786450738,-3.4924632656488255,2.5322140493633585,5.84732089276707,7.673271814553079,3.3954651254237787,1.0817129155171348,1.8735640130140494,1.0763671339932555,0.27512764295218906,-2.0213297163023323,1.2395782473550567,5.2158313239501135,2.052920003882515,0.43499248691610126,2.905146020944823,-7.733319573781265,-8.442896059258798,-1.9988211666588014,-1.17999866036398,-2.6811241373528536,4.856538771890538,-4.091078029106599,-2.756389166634256,5.8895423764514705,-1.750448374046912,4.69832765952086,-5.808432692771659,2.716076931490387,5.97618606376981,2.834459983482536,5.57057670486649,4.390423671326534,1.656262099764622,-2.5332149471976346,-0.5838868545593414,6.932719637559368,-3.0424392204107393,-0.28761087899400417,4.566269221977174,5.97647657000592,4.218575724678527,-2.7776013242178585,0.39066786521737906,10.750861806178385,8.184287784832037,-3.9397891999308037,5.57316311283484,2
2.9725480161562308,1.4565248915265236,-0.21201771075874953,-3.042103169765044,4.803456847979715,0.16296903717733346,-6.590000667132852,-7.5009055779878535,6.117386412030146,-2.0078508334972316,-3.9696038985785247,3.9360652623398087,-3.185799900217388,0.5482659331465236,-12.333143379150453,2.506592918158392,-2.4647389279391194,-2.7499105495439045,-6.90111827193051,-5.811566720669627,-2.7028686887745996,5.403490596383886,2.5918620280440345,4.905966329369683,-5.0923875859572725,7.16801844098536,-3.5860013642015103,-1.2096334304809222,6.885733612481072,0.08723507136320663,1.955504074367285,7.465779510545832,-4.5518551055510965,-4.821686345740339,-7.390938350361562,-2.1125385884498726,4.850016259573039,-5.034447306240227,6.5469281179956145,7.800208261673008,0.08468835544229192,3.9739138281023045,-10.636773722738658,7.866697977553388,4.759793851818268,0.06996189315764578,8.345175112061849,-6.509678962308659,2.1831476282985136,5.279092221193203,5.238969336547523,-2.808010733497,11.290524152651255,-4.679634865729177,-3.929145152533005,4.928760331102604,-5.633090582000624,1.41318529038428,-4.5713733144837985,-2.7131907868965106,6.773006459145228,-8.075665658734373,-3.835629071586977,4.7394026732680645,2
0.14616074579743765,-3.5140514691401012,0.9540879193195724,-5.036939917487815,-1.7722043881642287,4.245022328559511,-1.5100564460966486,-0.39359180664950966,-1.4696430912525704,-6.334597262215343,6.559225584442761,-3.585190133113116,1.7237602600014474,0.6247460797851784,1.5828151062790947,-5.346595145413055,5.758736953765391,-1.3745196604733483,3.7981004144327932,-0.31237693733889627,-0.6589625439302766,2.478554994452347,5.156853596952579,-0.8667086067268106,0.6548187322805794,-0.21181741133151577,-0.10890517508060693,3.7006266903793925,6.746108263767651,1.0484252945144867,0.593312655370783,9.25946119501462,6.282022314313832,5.565574434930853,1.7824204385474585,2.287159836859093,0.7537210471718727,-8.316896657674175,0.6440969925181896,1.3534078255946116,5.839901635867821,-0.15318896220586975,-1.3053014449691855,-2.02205221363396,3.862094236612725,4.3777384105608395,1.1578085144127486,0.9612373694640743,1.872426880814837,-6.372096105596382,-2.156988926336774,3.3338863451723313,1.6756642309802658,-4.287966737145489,-5.5858851290630405,2.5219068210769,4.621732471425337,-1.9026833514099895,3.6186782000723188,0.7153781316890377,-4.691972036942403,-0.48444566931620703,-1.7714236340109402,-1.921943081798828,1
0.8624537140981983,-9.8897737107844,-11.550964883145346,-0.4627107689246863,-3.543215630118372,3.5335729001275915,2.4722164221843403,2.0296027939866668,2.8319312636953846,-1.5776866487972507,2.8801134912634447,-2.7793720825180523,3.482215768366234,-1.9977060093041175,-5.007174545299044,3.493826691240469,-9.704679371482511,-1.840844333586067,0.28312878767334326,-0.4381575657866219,-0.6543255238280345,3.8327606184438014,-7.037721912338514,-3.497457337228502,1.3472264074541687,5.636235561274292,4.25223091586871,-3.0181947694211293,10.292491277488583,-3.680730541102687,-9.946335498942615,-2.5612232231256087,0.5946831621952303,-2.5644263816964736,0.7758624409661821,-5.402752019357729,5.009964345696932,3.7784065006589893,3.336751847876279,0.7230845533290631,-1.3551095745151425,1.131223124830405,-0.48693950062464064,-2.5976989790221863,-4.030684173184573,2.7421474453464487,2.030814266242589,-1.4773619509555216,2.988573128499806,2.728830334688178,-6.585437774041591,4.001987053785099,1.410169524811548,1.7442164185981204,4.859190420591898,-0.8619362359945126,2.3040484692615717,-1.2308788375391533,-4.875114068845367,4.011406489962416,1.381294457259144,1.0756391701135577,1.5726905302729337,-7.616454923125817,0
-1.462942342310669,0.6455582458462518,-10.760752296599174,-0.5484087859882252,-1.9295714062247644,2.154699277366626,-0.9801225094321055,-5.218800199329665,-2.427369071826768,-0.8052197018218319,2.8837682704191696,2.454749461535303,-6.280234436916209,0.8514131706372224,2.8571479328999736,3.1372986263192058,-7.407459245651987,-0.8737956560031761,0.984100934362883,3.553628144880831,0.7402369048940747,-1.3435871615352681,-1.29751055310847,-1.4834472649793122,-2.30137300699547,1.9320730305160343,8.181885306138327,-2.8118484937292862,3.1896953875634573,2.6891535310357044,-4.172837276799825,4.981382941340975,6.7822573540581805,-4.367906782901057,-3.6365877536524236,-1.642104701795935,-2.8359510253547935,-1.1016827861449783,-2.0826627370763657,1.3559650538407446,-10.188576904225696,-2.195312999752484,3.256818101802804,6.271251948310542,3.056091597210579,0.11591433634135528,4.793324667309975,4.028450806466247,-1.7555086499639931,0.7263585273606497,1.1272704555844448,-0.18885817732674182,6.433210563107738,0.10995088412388743,-0.7165640465490781,-6.801528029828389,1.7786623581023493,-4.565181812538874,4.4503352911857625,2.598587397748502,2.5202620073540785,-0.46986716636255044,-3.536370824130853,3.1507263761089312,3
-2.200175340529807,-9.621523270435485,-1.715804212096978,-8.090541503948732,1.2235178205730932,1.7363404648424523,4.362788457683829,-0.02903481898394289,-3.898668186218538,4.787185545046051,1.9052869702801045,0.22085379521512905,4.558703304187748,3.4376533867419834,-3.0216623642907017,8.998840980398198,2.224504737959519,-8.403687891332703,2.748731313844308,-11.164043058309403,1.305850607134662,5.010442739699284,-4.0170561805427365,-7.863293137215123,-6.687285650895024,3.9626955225938416,-7.34699306548789,4.815727963327668,-5.067635517465689,-13.208649252817164,-8.292013415421021,-5.521708432461343,4.636179744427168,3.5889079838505644,-3.8450663699231544,0.9190407346791183,-3.442309397399199,-0.3494558144206641,6.681134561423468,-8.24330602533831,1.9759236157207631,8.089838030423795,-1.792968780304323,-3.05199847640614,0.04683605536026647,-5.403144576244772,-3.8256577863769836,13.581550184340653,1.500778610881503,4.518677328373325,3.594606154520269,-2.1491593756973844,3.6911935496650434,1.4695166088890248,-0.562420098170545,3.016051264138911,-6.322461262002923,-3.823400396719636,-4.26836437617321,0.45830466174501994,-2.730003894136463,5.799992070056981,-2.905886676417992,-1.7298544855509146,0
-10.791762542551773,2.375343220328128,-1.2364473481982134,2.53334581409937,-4.882550972658455,-4.324529280785507,-0.31919319983234473,3.07048757418511,-7.825273490782198,6.404665372557673,1.2522064593980256,-5.450756729293364,-3.606302899682361,2.35147536326268,-0.64616297815442,-0.42001595261026514,-4.708658200057785,1.2955400217302815,-5.847734639339453,3.3363161662393015,4.674033138329735,7.617591566145109,-1.087685277036147,-4.35510211488825,-6.519556385791239,-4.486046419366426,2.822358213003552,0.8740526375307385,0.35310007839445445,-0.8281681345373961,-3.4115151028068382,-1.084770804475819,4.469055476961007,3.8056850967670925,-0.7297448095120003,-1.2671229599763412,-0.7435739652122404,-2.096338568341856,-8.493860433058718,0.7563269027717552,-0.2696756923057213,0.21557962101760086,2.3121260562624726,-1.927563763256586,-0.30469678074832807,3.752505093951401,1.5244465037666357,-4.357053803980479,1.1173417838988513,-6.009291746451307,2.929528582226164,-2.0383604827981125,10.120365592392893,-0.2946567827575304,-5.567008744165312,-3.221693589843575,-3.8341969681546697,3.2244194130235018,1.5862090597329277,-3.390096523406811,3.2432185512133858,1.0041157265002991,-3.704860209748344,1.1530260793863647,3
0.7158616485362672,-6.949195833099634,5.855436732552837,0.34148757227958204,-15.570198269457,-5.758017961395612,-1.8211136497702705,-0.031645302406878684,-9.62317232549821,6.270991455654034,8.11539599793916,-9.950464866890561,3.4739961054561848,-2.8633234833590757,9.863531872593727,-4.004814663899318,2.387781859560246,1.3370840922462484,-7.959486507562728,-9.547311403460855,2.469337967532133,-2.592148042859364,-0.6739741393264311,-4.054711804672123,-3.3448431741838442,3.0038850477146735,0.9504726032129229,3.8925656545592062,2.5859543165381513,-5.382747036007252,-11.720227359330499,-0.920189422256755,-7.9431550610607164,-3.9471921303747273,-2.907747717475369,9.680460052084,3.130814180683678,-1.1053102743830716,5.481643053804422,-4.905528056792505,-4.411067116496779,6.602629842669632,2.569303977772896,-4.425733590268402,1.7576675867986071,-1.947655031022304,2.4334700372045623,1.3255463408088897,-0.111282211958317,3.3476776672208306,2.372034655647416,1.9834495918637076,-6.335757086262739,1.2060316674746272,7.017895762404898,3.4435470786386686,-11.443160015977249,0.822135706129711,-3.010888100887855,-0.41879548307288395,0.27299536237712096,4.834661041504843,-0.3746301406140219,5.004692363235823,1
-4.013111906853312,-4.433270660672037,0.08786341813200338,-2.2799469289179486,0.7404838718821367,-9.689648737451579,-1.7236667481526435,6.670295138504896,9.79821172966248,5.739705622931055,-2.4660792656994057,-1.9916638257423451,-3.250969999491918,-0.3295150152270159,1.0004210121023391,6.727728629756815,5.635330519982909,-7.159769666591987,5.176639949558162,-5.190523037494762,0.7466432416480184,-13.38392181222553,-3.5513822546344977,-1.3544336086059146,3.2853772728532844,-8.081262345975421,-4.88526358765948,-3.9952523137039937,-0.9265618204898457,-6.721691644096381,-7.492589799124607,-0.46382048280922317,7.146017287663924,3.9616826095192663,-2.7738044988911055,-3.7812357082364496,-4.593577041587697,-6.172138878553677,-3.2688233411648344,-5.9839074382440645,4.146095342647209,4.139125604282283,3.2800785683768687,3.315102133434306,-0.8358302183591013,-4.4549322583057975,4.932374484987439,-0.5711579898546959,-5.0587197014063365,1.8903654627884638,-0.230228032535311,0.9433960808636485,-2.491466475138103,-0.3680958135693274,2.1651385127830944,-2.18109021151909,1.175427141841342,-3.666972215377892,-5.572001821832119,-2.1746783431434347,5.586329085853545,4.233184539009777,-6.126834649754798,1.007578174314757,0
4.856520366104606,-1.4993069197211595,5.4461434309232954,-11.60739271174811,3.70909509217435,1.081347360092328,-7.620281281903459,6.731738866346716,-1.8219599382438219,7.119003635421581,0.7730791243472144,-3.3011741371956393,5.030952147910877,-7.6341968557455875,0.3521443367295296,1.632528130776305,1.7880841011151158,-3.243632708186937,0.2710968908495861,-4.467837166454698,-0.6171950053866335,-2.3973622092091023,3.8247291057828994,1.4581466217324097,-2.620630412930467,4.079444657055458,-3.957154847392517,-2.3414416770437216,-1.9471730969089043,-5.026194446779842,1.4230094063489958,2.1747432272046385,3.8264358061994055,4.650691513153558,-4.639216761927056,-0.8900470765083277,2.150071050467224,1.3151537172683785,4.221784638499822,-0.7849903111651648,-7.7280595270822,-7.629339135551206,-3.475223222676097,7.651435746719637,5.284887642537224,5.984369896496145,4.30429778419564,-4.700815323080743,-0.6411144818271426,-5.247996357162501,2.5631743842469596,4.65602783433002,3.6763457708994114,-4.7337563701211725,1.5976226039363095,-6.53114769868052,-2.8538926169296737,-4.240552843009156,-0.6089304644000557,-1.036016535786696,0.6064923169058143,-8.433520087202009,3.6658357981837986,2.656466171002449,0
3.5008221515938005,-1.2431682594827413,-0.41082557511729556,-1.4716006120588978,3.1265423760108586,6.42643003797102,2.4218670247972396,0.005576485957671018,10.489160581824173,6.818156175449142,-0.3120940284488738,3.02989421883073,10.524724972706709,0.10661583372841754,-5.753477069529708,-7.709994072317095,11.862680042128504,-4.14701995448313,-5.063563627731023,7.6365878244150265,-1.3199987545970373,3.432547454905448,-6.091588168211934,4.855170471260691,13.025403279821163,-4.017846196109993,1.2613006248183498,-3.1814037104272535,-0.010802055389895093,-9.973586894765878,1.3411177419877918,-4.175127987294006,5.864031282989075,-1.0333419102752344,8.978802935416407,7.006520153912398,-2.600183071128999,2.5860372872932884,-0.4830356208217119,1.171825397888214,2.7730140389762634,-1.835106449018487,-3.436413155372267,6.522563091259304,1.0623069929725815,0.8169786000472005,2.4628018744150015,-3.9446925737024254,2.287130161747236,-1.449100838831232,2.7356019039389685,-1.7484231761357352,1.1508899271387403,-0.5090737300785124,5.669599423385628,1.6842702530689357,7.79230326260334,-1.5127119260518032,-4.755684042561375,-8.510479253294225,-2.7253106796780657,-0.16545518000521076,-5.678016053068562,11.881804065432767,2
3.8509859887373725,8.1711833072803,7.999395302563698,-4.83744420960503,1.0658681059245443,0.919314993372657,1.3149245417726654,2.328411250723023,4.661118921305527,7.6216633867610994,-4.652432834897904,-2.3601188644848277,-0.9145859270510557,1.2976326500627269,-5.701120496017193,-11.63302327811151,-4.637610192593522,7.505526979365222,0.5536470549800487,6.258397378556224,-4.477903433550872,-3.7461853145522213,5.070564131577453,2.464772919346415,-5.635455530429678,-1.7554531896265537,-7.997948095948842,0.7229451161262137,-3.5030755233346684,0.5536012422998478,-0.6489513364187522,2.0673555195333506,5.695777647343171,-6.968341447558458,-1.5061416711570916,11.619835567136752,-2.2180277184824284,-2.419846080127868,5.027222379093444,7.664254660036212,-6.184307439612616,0.1851131590234254,1.4489164560973051,-0.8607815452231011,-5.147166694980392,-0.4496613283604799,-2.8356702115859957,3.6423701726437328,-1.615191151703625,-1.5789773048115312,4.317808013900214,3.164315701337391,1.346649038827365,-2.3816158527747397,-5.992361071110849,4.680020366544301,4.837419447029667,-0.781960681599365,-3.9688568068034997,-1.5353423888695494,-8.373725178592958,-1.8936681579340338,-2.7421357951159457,-6.244743706744595,3
1.0101301585686433,3.313215441382953,2.272242974320826,2.4306454189496858,3.7770691555143197,-1.585642648170782,2.0627058568877366,2.9103290986099672,5.861874508938441,1.522507993409775,3.20314684662411,-4.71335905248633,1.4369105184482742,2.584655006617738,0.8424943264242982,-2.947733859885836,-10.45353438224052,1.6506572914947664,-8.302743599232619,0.6509951987488618,-2.782531705167305,-3.23379439771976,2.081253813721136,2.0837701276372806,2.442954746150878,2.958344396140333,-4.12015714360549,1.3891242174761573,-6.79958444925669,-0.20313431044925156,0.4207353713476705,-0.994519564686785,-3.2861678166727595,5.8314355820325465,-6.147761596547053,-1.1372655361582291,-2.528112481378225,3.8809301937202507,1.9085837328649784,-1.5066834781997134,1.5897545600032883,3.3433749789289666,-2.5439222124272285,3.3746729966170648,2.6654173127187253,-1.5878283593624944,-10.674684370847025,7.50858011039502,-5.232041448501831,2.8918938297929015,0.13857542793744115,0.32025822019252714,5.834294606523212,-6.927592664583855,-1.3531351630383703,-13.85088999533978,3.456081652524902,-2.3292177880949927,4.228122152520717,-4.284536290823535,-2.1359468762885303,-3.762414824533982,0.6840153427190034,0.7625499196334045,0
-2.9443529600184473,-6.67573870170685,3.0715565619255063,-0.9300186225898395,-3.6280408635987618,8.30633189904454,-10.152601599779688,-1.1544710895173957,2.272675794910178,2.564416030877627,-1.6303931784538572,-0.5628678252888677,6.3773819075736595,4.997054071121459,-4.841670006020551,6.697128115824216,5.338766945951887,-2.4184726088134094,-0.7380068269917186,6.603509962382535,1.196545042699827,2.3039461344068695,-10.995968979968975,-3.6901405771594153,-6.054184072879425,-10.206529658854286,4.949842417596235,-6.524591081311987,11.769116600120702,-4.421544929189152,1.5301978532605043,5.282150273875519,2.3790448846365697,-6.847336776661406,-0.41018754442621286,-0.2996342374969694,-0.5646539872031318,-5.620472660128804,-6.353926085898509,0.345131181270975,1.1783202784690157,3.9713395157861813,-1.6909380936071257,-8.334230846372677,1.2768680061651614,-7.444955531847414,7.78943599679332,-0.7200993863234124,-5.403898386581629,-2.2461370979960744,-4.082845882589528,3.1962995272951877,6.4859955980221535,2.6623525208988013,0.057910683812134156,4.836721673986002,-7.512901064976262,1.181451276610739,-3.6703584430921223,2.7259118531605386,-2.6079040339945703,-2.506314253913623,-0.9969576487263392,2.4393062988000342,3
10.391096017195956,0.7393585156103033,0.04672078061100626,-2.4672086347887836,-8.437330835049208,0.22844234747660497,-1.985787308704197,-1.559227057852742,2.6210461770317535,2.938079352807918,-2.474464566810135,3.2098202930073123,-2.7666830267473363,2.95790140213503,1.1782404838828469,-7.405640696061353,2.900254906018323,2.6610679908377426,1.315668713520958,-0.7611595477297005,0.28610638082944995,-0.10295161061076719,-6.903830198079957,5.086596790496429,-2.5893153356769973,-5.024092092973786,3.3207687741153507,3.8714847715333924,-2.663519575947323,-9.468377214375241,-2.947079942176506,-5.975088404782636,1.1449596506888402,4.340467720399188,-5.76502597819281,1.181564914172892,-0.9063567081363455,4.010451808358085,5.2468341116389405,-5.939418647462858,0.020973516412235327,3.74970300580231,5.8949937837020325,2.724644633569117,-2.8362740646258686,-4.447624875792558,-6.469162309448865,2.4687722480802545,-1.3619360787593524,-0.29862235368998324,9.306289292610819,-4.460247037799231,-1.0954501152166083,0.4581933702940417,6.14837933577635,-7.838945041432385,4.220027869789163,0.4616620221066704,-1.0603599198454854,-5.228050635853675,6.73559744385582,-3.2073937012387574,1.2930591144079466,6.377338135868454,1
0.2981277276232226,0.8576682550262336,-0.005731061223529288,-1.7907473996839998,-5.137110565541288,-0.3902275484246378,-6.524687176889549,4.227267472622465,-0.9323782357766063,2.3791240418037782,3.180192353196844,4.176885249184535,3.9622810045956767,-2.252359593864334,-3.959262376103882,2.7749396986618393,-5.482419985176879,-4.218667173223997,-12.490660121595601,2.2923237742992413,-2.8683473936673165,-2.7464930090391766,-3.45445049277573,-1.2411528286643616,-0.510067494632888,0.6260724263455331,2.3289813952990346,-5.493544278271773,-3.491372882409821,-7.1435836902998515,0.7929178475136005,2.1005053485604286,-2.5977210377659015,-1.2970476718687085,-1.0909073433853673,3.7861058580022764,2.5063553000425918,-7.469116372046311,-4.079322425633814,2.92196095922187,6.266954892348949,-5.17097201284945,-2.42845416803285,2.2375543125295208,-1.917270057872721,3.1352033594976407,5.104018160029263,6.663417271048202,5.626175883423449,0.16820200544441133,-2.3725715213599567,-0.46380330788466184,2.5887479889220995,-5.486345363767332,-3.074146403046218,2.5109405372801383,-0.396837430119122,5.546260071584923,5.54568570261539,0.6767933993254323,-9.165924072304911,-4.65633911008301,3.2342575376699885,-5.11989338682121,1
0.44124405250374954,5.500333877452812,-2.019756292533089,4.583227947124279,-6.305678467592964,-0.6925100558748789,-1.5649040587797356,2.253595016208123,-7.570542617299758,6.228026443476095,5.798167394063727,0.9518997089340053,-1.4356256493874944,8.360221072077334,-5.781651221491218,-8.036342580671601,-3.977157818300043,7.053237440387271,1.589659662042581,2.7105220206651106,-1.101500105706341,-1.7321807642547178,1.9868120991844949,-1.0912853043844306,-0.40790211965348044,-1.3938268090570363,2.225648415744825,-1.0979888892457303,-7.5790570660072,-4.756091800038867,8.197967793466834,6.778199186677739,-2.7097088163441194,-5.541773706312971,0.22745076943662368,3.2086657234279414,-0.5254330668071883,4.851989631169928,-5.708542729916912,3.437286088585573,-0.5207632052240765,1.1786811874783423,1.755994636198974,4.615064845139931,3.677258876337846,-3.4952347434042665,3.4841679825989704,1.7715055391697536,-6.0696935172058755,-3.54330519740615,-2.2017003481537447,-4.72792089431822,2.9694685402824943,4.580164039010526,3.5275970439692275,-5.958186502320512,-8.429162663865359,-4.527941689841608,7.98820053616582,-8.618472493384846,6.367472426026055,0.7104796288443418,3.1477386980841455,-5.613547046727682,3
-1.97864009796554,-0.5875442657727549,4.061169296849203,-5.527235974322348,-7.616149196123434,7.923649206014289,3.9959986222980186,3.0934325204408157,-4.785480250514258,6.614533849733851,-8.665282148144486,1.2099582411659773,5.703567383632144,-0.21081531730681125,6.214406103632723,4.443668580001521,0.999885536150487,5.947365240844755,-1.6774018726125326,-6.581357373122877,-0.05675528484382175,5.810424612622888,0.4584519984281359,-5.988553331651534,-8.766923921289699,-0.26055740587912246,9.326341999712149,0.2644189511942052,-11.683255610059527,-4.867442202999109,-4.844203843330785,3.622383624837749,-1.5311893557280003,-2.935988908907039,-4.227634872615144,-2.6865256160900586,-1.9754209444919444,5.301626414766734,-1.2643766480646481,2.9295498074856,-0.37838507093402973,3.608399307681591,3.5714711779674064,-5.233570691369568,-2.300944989953328,-3.4946070749350158,-2.6341315382632176,-4.022644138897676,-7.701907725742219,-1.7529275250444853,2.133456934659105,1.108614131776001,2.8792526322796617,-5.061772353952815,7.103491417573151,-7.195278064787307,-1.1550154449578662,-3.9013477639131917,5.249705474231551,-6.781181165379376,4.115486171377062,1.6864917458601223,-2.794740322512376,1.9540404100620004,0
8.038562317750586,-8.106258369383404,4.611978904320618,3.534506427874664,7.939175689952574,7.541421687147036,-5.810466036024125,-3.622239038040635,-5.588855220730643,2.9549012664546805,3.3800446146141394,-1.427724433913422,3.761560549083618,1.152916930526506,-0.1747730365382294,4.020925097501136,-4.720115150917203,-1.9683484537118905,3.245150050087877,-4.138507068077621,3.2050727720055088,-5.505082895473084,3.4332353089734493,-2.797178926388023,2.547044433180046,2.901744378186764,-1.0881138744900885,-4.338999366985231,-4.107342627611018,-9.867215631437281,-1.992148835769069,2.4869028069867944,-7.905647782113355,0.9994816301776425,-4.588718713579346,2.018786877253197,-0.012813790062857766,-2.1356051361478294,-11.677383551286885,0.41705684303060697,-5.4939512913131665,0.6255163159893131,6.714133182551769,-5.196198776838175,-2.0092972515839973,1.0755999310983837,-4.754830228611064,-9.521115217935572,6.561091907571797,4.879372579768775,-5.850723191993454,2.5688726036691483,-0.7941372655705838,1.1765373592154027,-1.1226124271583673,4.6209475021198925,-2.3419924921785116,-0.3708728056620335,0.7631997355447562,8.209549353092376,-2.0945960991402193,-4.140362691085737,-2.292613327014097,2.8002909925354387,1
10.384351799847169,-5.118803577607652,-3.0733469651284153,-0.8800855399643903,-3.057496366225976,0.5093176529823396,-0.6145256322011112,-3.8993618193042296,0.25056529743455747,-4.787113414621876,-2.2434472035183686,-0.40102829892341507,-2.034968184524253,0.8367221495572339,4.459762967870889,0.27484514910094837,-4.914061024797355,2.790965461814298,-1.3886309853567387,-8.52439475804022,-1.3728472133191039,5.610049328116303,12.496176164496225,-0.18268274275099905,-0.6975688228562096,-3.4098466965434144,2.2455133464669097,1.2947771794434106,-7.928876465589447,3.7428097702970975,5.5790698440364235,1.3859056718485212,0.895149317008516,0.6506917812655784,0.0427578589891926,1.2408984602509974,-5.015592500148006,-5.678358080764024,1.4390220338575277,-1.1290164533233207,2.3491368480583965,1.8576444173189413,6.28944894355165,-1.4397688481753423,-2.6451701583127867,-0.460769404065013,3.344488105338186,-9.645208463789114,-2.7570853956397485,2.213443726284864,-7.43856181427036,-1.7558854557690924,-0.9089236287768714,-8.96367043690398,8.120808631772366,3.059844859700753,-3.611675230458117,-6.554512366474635,0.6482084637317174,-5.017390405343437,2.070612156531665,2.0043229656620243,1.5967603511434834,2.5986238607121144,3
-0.9783486104483345,4.4003312145503095,-8.766713333227727,3.86620405620634,-7.714463697220028,-8.51392463460174,-0.15596487532317216,-1.49828872867746,1.330175433506851,4.997008872558501,-4.093860448733313,-3.7630494176947855,0.8552294434311407,0.04462419174526011,-9.227820171462596,-1.0596772947236728,0.252626907464196,2.1520716833010205,-0.7825229627788088,-2.02528822475411,-7.787165788656969,-1.4509596696849245,2.4968423368499524,3.4554231970565974,-2.3664526489862965,3.8855931447588294,1.4422331495506828,-2.6038469675455653,0.1994204929922616,-8.486011890485589,-5.481977938682069,-2.075659044181748,3.362070126127309,5.976637110027469,1.6177776268907815,-3.703388909737853,-3.3779308987362056,11.189507169125989,2.519708831550119,-4.4023747601783025,2.6486350610471687,-10.839689314242259,1.4549260638352983,-2.594061637195528,4.177571525230118,-1.5478252472671667,-8.414271538360126,5.004969945596155,0.8965212560769964,-1.4697577524555594,1.684903760321498,2.3860449763058647,7.023906298707668,-5.375164232513738,-5.559367802367447,-3.2583729713378418,-0.8373886575392451,5.306727826701509,3.1258886329341795,0.28581425249343106,4.42719690992295,-3.1623190896289834,-0.6092881217425385,0.1144439860911568,0
3.385498978347739,-0.578022632098532,-2.7020456660471455,-6.317270052577085,3.418368475074164,-7.792979192484378,7.62276754319814,-2.9334717238044075,-0.8505047105866219,-3.844296687464608,-9.233625248943806,3.0289940418230517,0.876882037115224,0.1623928670503353,0.08897606610541597,9.636029771932238,-2.6618843959745897,-9.253541273135266,2.3344459211610578,-0.12221094139216393,0.31699591371731994,8.54657206538593,8.128049421189907,2.620541478742293,5.462954285840976,7.8752483371878625,5.325813448563419,8.582898548840145,-3.099442441616003,-9.308240172580893,4.425543755259486,-3.1974506171263606,-17.002135708342255,2.429195777441763,0.1628543478269795,-3.7767843980889415,-3.497579450395196,7.677297866833181,5.585128319498185,-7.163507283772557,5.417518887995765,-6.4463012199676335,-1.0804460987239164,-5.60117072255928,-3.771905449776936,-3.063042439071732,-4.436718232610896,1.482563091307405,-3.079489445133187,11.634848217500487,-3.2411900743637183,-2.2528987862145122,-0.09334349035608058,8.245690005334652,-11.992865931881758,6.161840705316957,4.105422620768815,-0.8526811949184223,-4.625465956551306,1.3217530669810147,-10.431498282823636,3.9208630761218894,4.245516610663897,-7.734189996390844,1
1.9248504328369647,-2.1437790478371714,1.4020688298265258,-5.206703113307209,-1.8167110243042803,6.830159701939099,4.970843860083371,-1.9961238774999002,-6.180225760652084,-4.005012018920009,1.6225637122602774,-0.1719232668410613,-3.439782224746827,-11.239822290278749,0.0383707730634717,1.1191594752614809,5.312187769950966,5.7739650494877655,-2.3935212667378423,6.62490944408977,2.3691228083344247,-5.736856748836358,-4.600213542267388,4.668614170636419,0.8555358812496081,-9.472658766250666,6.30150995083287,-5.976833393558072,3.1952712168669235,-4.161404676951893,-4.112560651250779,-6.259036387428981,0.10850537986642617,1.239386197318182,-1.4437238100021923,-1.420104171640547,-0.5470200383432973,3.608043477373052,2.8230273476848824,1.520997059411151,-4.03597805073287,-0.9714611587604751,-3.838820860655062,1.4750488905390378,-2.228025265007282,-1.8726966398009508,-2.9248725376142417,0.340301461438304,2.2893542874780755,-4.146694966076052,1.4219317214868075,5.014767120730921,-4.517844717036271,-5.113805098112982,-6.901464728500574,-0.24373847064489906,4.8681259477172905,2.1144663376239956,4.608421854511857,-3.655584092474976,10.958856439332008,2.896668384834207,4.674654454398325,-5.3659100809954765,2
-6.60238402346375,3.8787861593569772,-3.398264791347575,-1.7279061470187913,-0.9346761573656159,5.44355774477399,-4.436570239416367,-3.868133855393765,-2.2037705240847463,-5.712163564893005,8.666823781627226,-5.17595892944991,-3.991086696583089,-0.6622182462222653,5.552963778459972,1.31606647626837,-2.8437166134139606,0.14806340898198456,-3.642143213541897,-0.7333209692352347,-2.079001211852777,-4.071142963866348,-5.036688037476501,1.946299895472892,4.798025386624728,-1.7736996638016653,0.10850545720649496,-6.363879226827019,-0.333934109610583,-2.3901785302274066,0.35603887870747464,-0.6807503999938089,-2.2505479595977014,0.046574167060966065,0.26818182909633925,2.104866458439114,10.242546453638488,0.9812596260969428,-1.104558501717798,1.877943751934768,-10.260249516840906,3.4291862570227027,8.417671246235642,5.245863865169081,-3.406246663894545,0.5174454822043797,2.026656531005502,-2.900278178090842,-2.9402371394736475,-9.495628180724097,-1.7028981468433635,-0.9045306193471605,2.6851821303362278,2.4348760688962767,-7.495103259381109,1.8061416357929634,-4.804166198428417,1.1482069095684744,-2.1332659610388713,-3.7197377136131986,-7.196824927443689,0.2649353744248433,-4.4328919442297385,-9.900103290416814,0
-0.7501500551358449,-6.209192604743722,6.224958482418203,-2.477303946778811,-4.656102699924919,0.7020379394711656,0.8945935808833988,-9.008950818681715,0.6367272790905023,2.8141986491046564,-5.700707529916475,0.8715294355340593,0.11497801812483299,-1.6867137179330993,-0.13591430002165472,-8.68767851422902,3.955104106919051,-2.192520568028472,0.3203226672042574,3.5784824396258106,-3.5657992295853354,-4.429415402875538,8.162686760366945,-5.139102523934495,1.7536101860509068,1.1549739188727801,-4.849454098105722,2.318677907361571,-4.408201566889996,-0.7075347310704272,0.2606650441142775,-2.0349176215130336,-5.761737127383515,-4.6132568395207505,4.147723807408363,-3.310054155612227,-2.55639522052489,-5.707579150629396,-4.985772852196128,5.5786649039892815,0.9139683297387027,-2.0672075052253756,2.4038555282968987,-4.566054241369397,-5.925804791118026,6.300622027753684,-13.171332739777856,2.2830717865359134,2.9144296113159314,-1.7738904148904249,4.265202725306299,2.7526948418096717,1.3777778982836617,-4.29571272665296,-0.9496619258196035,-3.290988434725822,5.660052529615539,-2.538018158290106,2.4568791263953877,-2.84350231924613,-4.801381362370756,6.419206532207646,-4.577574642066845,2.0741299972336487,2
-0.08520393006267923,-2.458004355308319,0.055125376863783604,0.32443525929199224,0.6738908650801914,4.232661548921162,1.6256779214908494,0.2803861215024266,3.629274660276289,-3.292772691237497,-1.4426062858068929,3.3934528642415125,-4.808036489976109,-2.0735549547069825,-0.8444290725376571,1.7872000214718686,-5.285270578553111,-0.63770034604995,4.2081565473809155,-2.824879208504602,2.0089869504577544,4.485093957064356,1.3045297072016901,3.6670996502536495,-1.6376019273412235,13.646477020631545,-5.550797749777791,-5.408444543256617,2.004717050835134,-10.075929742980662,-4.418006954710515,-0.5904049544860548,6.437035991952873,-10.57648241021436,2.148676788141799,-2.1226682152558336,-2.3255191979421133,10.246252661781151,-8.073409104815958,6.397267931470215,-0.2388311925175921,-2.832412388637511,-5.287505673941411,2.9946576748541336,6.0786409203671194,1.5327802127979502,-3.0298849939703083,5.2121208487334805,9.402087324795287,0.5836719206336045,-6.247173366185957,7.702247556672961,-0.07775665189864167,5.503937947723358,1.6230328096590898,7.457493493386338,10.769496617360861,7.5232998731285345,-3.7616245383600293,-6.588234599128443,7.59115368461574,3.375490104986665,0.6918564879877598,1.6244575021869796,2
-3.352014033349648,-1.2046302065661552,0.1464421470831937,6.516032156654157,2.1235108761396533,-8.307338184603738,-1.2237956904921607,2.8973236955223887,-4.856997641806032,4.595356451121901,-2.970867956397176,-5.77459532247834,-1.913641942804765,7.459547411679829,-3.678035783384363,9.454353164105802,2.7067578526276863,-0.22724372919683256,0.14029938131479447,0.5573635572395135,1.8979905292049928,1.4665403917204567,-7.019172664125984,0.36551948971212356,0.7056246975770022,3.4004310335045407,3.153882185879711,-1.9628675562655977,-4.514500736063994,5.545164119756331,-1.2849335827655595,2.8530053769842407,4.27616148555204,-8.70806645856798,-0.884848676248515,-0.44802997520068666,3.018149937908837,-2.0836625602775696,3.925548782602969,3.3253866472392404,-4.83429311080664,5.119586553021968,0.8638572175799344,-2.7729128092781385,8.990918069380555,4.106456896165197,-4.391151840547601,-0.558244058010312,2.6098695012752735,1.0088088688914054,-1.264282631969624,0.5897352524421079,-4.193923315688439,1.1211523204789935,8.888531280578345,-2.005850018768532,2.1060086493881327,0.7812010863849481,7.938833115602975,-3.8494647962366226,1.9637963397798297,5.917832659013921,-1.8617847348533019,-1.6546831399535629,2
0.8330453516631189,-8.101965255131429,-0.2705039055449885,-2.759203039994296,-3.2263618575157436,5.154363116344107,-0.4832995245005861,5.045120273746797,-2.243676747756706,4.743713034738839,2.8469481297099746,1.2409092115367808,-0.062180693859159586,-4.709290785725544,-3.7377330919023217,4.846837379286812,-1.8760475213308991,-1.705266617319511,4.080146858316256,-0.04449127115047835,-3.6998155691586088,-4.428267610197145,-4.162264979382438,-3.92614091468368,-3.7720635712410133,0.8602374945321687,-4.1051089949820785,-11.682246595427365,6.384453788617563,1.1708121664967992,-6.947354221077103,1.8354982764252392,1.02737781298177,-3.220061410831895,-5.86359254680901,2.350327882143421,3.7582566060510163,0.6964547353552701,-7.151327370908573,0.40799647278278917,3.5098088975133575,4.188846754921741,2.4276395236936192,-3.5916644446313692,-2.5127537703996277,0.27996605551337805,4.532236700656575,2.4426379918750647,5.084761878921773,2.0439825107108938,-1.3125957933381067,5.182749507633756,-1.736954243157519,-2.283755417664835,1.7976054568857376,2.6768237465831755,0.6399370164389007,-4.170116723896783,0.08841004475981151,0.7347761885500341,10.089908175469093,4.919975989441557,-1.9916999421123034,0.28143874613228315,3
-1.2341814235440611,8.331220603107433,-2.305625964525393,1.6038532378450507,-9.458287962797597,-7.654695868240514,1.4096273946005118,-1.6833497506659323,-0.5415500017298129,-6.616268289274279,-2.4748528678438233,2.598698692934353,6.4654649327904625,-0.8210503920385703,-3.889153475610578,2.2147803602079827,-0.8828480523489228,-4.725484000596488,3.707619221294897,4.0069562202064875,-2.771397473767398,-4.791351990554613,1.5140970479069509,0.4917158531210074,3.4266920870762583,6.580437621171604,10.719361318267014,-3.1786564147716874,2.510661591849189,-0.7533471908472666,-7.344433108907286,-8.24908521651051,-6.204306649594456,4.977474256402276,-1.322122514117344,-1.494370635857595,-1.2521996506912059,-8.713700311495618,0.3161754557636196,7.2345148803885,-5.553971998545021,0.9910399530698442,-1.8659932168728104,2.6735819652243804,1.8267361896369447,1.937566646915406,-5.03618088725791,3.2547104024133553,-4.892674730829296,-2.677230556791935,5.608289015848943,-5.420033445953495,7.313780047339936,1.5756797075995594,9.79459537234048,-1.4188303995665352,-3.7718966181257665,1.604854682579115,4.78737353949689,-4.418127607842244,-5.473089800014347,-8.623267230640952,-2.2548861623551515,-3.6737694763865667,3
4.836425466892291,-0.3569004549265189,5.279249984258895,-2.957903817234644,4.943365346461203,1.9804906519785765,-2.6999643453056366,3.033529531606242,8.194506924579096,4.517520734604397,-9.339835632299838,-2.4415829153142674,-1.3551502720057598,-2.8660553672478972,7.520289618457264,-1.3891827069779858,-9.403156611768178,-2.3532742979180945,-7.302053889087276,12.696537205718538,-5.255482201785219,-0.7986726183795722,2.132115547533247,-5.884626708062452,-6.112625557082661,0.39678067152303353,2.183540241435501,-13.143087301201998,0.9747492506865053,3.882387592225357,0.568774575459462,-0.9615957386653671,1.6325469143713558,-2.6999777071531095,-2.5511769032391345,3.1833313688654483,-0.7828348097074025,-5.028052478810068,-3.272423639780637,3.3562866437673096,-3.789248134600352,-1.741973228135099,-2.9001589654136986,9.935544032452627,0.03916786547357387,7.882943167103773,-1.1978489979708868,-0.9872653136139184,7.194440792450145,2.7569820851889473,-0.6128753420804417,8.581915385042002,5.163051513542888,7.0924336395990615,-12.934598402240992,0.9493812300157671,2.7888284191030595,-2.511845434782174,-11.689264593370815,1.2303627376172452,6.927861345248556,-1.4314694883467163,-6.723050846508162,-2.662288474607227,0
-2.4849963580815526,-1.8753066677154604,7.37292395626979,-0.9516519617624597,-3.585643633799597,-4.62606405851214,7.114838661953234,0.14351390115392082,-5.203290969229182,1.614765771320203,-1.9882609883231184,-2.8218523104853173,12.252536597699264,6.285932910925981,2.3476844838184308,-3.0649399833311954,3.0250857580288204,3.154601984974823,-0.09455618660935883,-1.6810163764198407,-4.092225638220791,-1.3240808901569388,-2.545463488915315,-2.8054592422453437,3.63980758015005,-7.395145298319979,1.129080859736591,-5.897331374462248,-9.820399231543412,3.234629018468053,-0.4473728039673296,2.155495867161883,0.007464623707117313,5.617224431316228,-6.797972922304819,3.071772307119929,1.8077647124199951,-10.060116170559459,-7.573576919765811,-5.987420536996252,8.282429323536466,3.439711952463814,4.43147298477078,-3.8673943202330348,2.2880926310210925,-6.455507123273206,-3.600910938462497,-1.5441571541480448,-2.2851112349514553,13.171610391550537,4.68473819145328,-3.7846991869831674,-0.36254733716163456,-7.100215432797202,-3.7971725790923903,2.1911971436771758,-2.6187724255376086,3.3848499623050508,-1.597572080660024,10.246580964738493,0.3899998494993955,-0.9778486227760861,4.387627774108618,-1.905176612282345,0
-4.623418692824876,4.246524650199438,-0.23833366187965943,-5.4686173189752445,10.395521478426858,-1.736178965948167,4.529103223535611,1.798300531074967,1.173969898959279,3.736743219954473,0.3854109754450583,5.665489339652801,4.028625890128019,-2.5833694531734723,3.968481460328431,-7.175643500675726,-1.606055021789576,4.461759976225176,-0.7764366694971976,0.9748419134960038,-0.686441708694131,4.045402874521187,6.41971284513501,-0.7709805989115841,4.9625371784602,2.4314638793215884,0.3290784567934041,-3.2563885795567202,4.956164026937708,-2.648943558841271,-0.6709582458038982,4.662418550184107,2.7189171002570585,-1.6554670563236877,2.7324799155936104,5.119410871376914,0.8258397985168906,-9.211674927147376,0.30580283399325614,5.192558344787499,2.3714754109809575,-0.48229216843799083,-1.0872645495635922,1.064939904681946,3.3367231994114697,5.114272879191924,1.5236899886507118,-4.133592799636056,-9.118832874548753,-3.047897587892918,15.671369865322266,-6.699586060764409,-0.3574375047881253,6.220138159681676,-2.878753005876328,-5.934062349580357,-0.6126380215254497,6.197228251544641,-9.334063433694602,2.0831931778848607,-1.164036361354313,2.330777720249614,-4.416316822470524,-2.0055476046850087,3
-5.243418496390511,-1.3510201303846414,7.495947669392894,-5.669517096764254,3.4063277222235597,0.0008117013562927156,4.537616978224846,4.063206992011477,-0.30131519029006926,0.09332474708398741,3.964413046162491,3.7031801498970363,-2.113443586980054,6.134775555353417,-7.45998935488842,2.9328315754370156,-2.6572751282489158,0.9069394369057322,3.3586148116392502,0.8890586641522018,-5.093324002403032,2.757053376954684,-5.739800223493955,8.055886523824935,3.4485815262919335,-0.4805662448991319,2.8712928942253964,-2.4631999778929177,-4.217881370126995,-6.882547917725672,2.810061330075613,-2.5282540151829247,-1.332613091122675,0.7910363756358305,1.3361003992031026,4.778544731272527,-10.77004822077561,3.93890662357714,0.6333253539835009,3.1072862857396264,-0.28923528487868055,-2.1949986093658866,-3.366402862501249,-2.319618839932869,4.282309880825121,3.541528147813759,4.084380552471711,5.152226338745089,0.6413721765437087,2.564150376277226,1.1263280516440808,4.88048008687834,-1.0084667399865515,0.880176737851744,0.24654657683346914,2.7838217893046977,0.34166227877876887,-5.421072236677968,0.10418928234585323,-6.98922790307954,-4.177307046375818,-2.679787401973025,9.14323760451551,5.176412974946049,3
6.211502718369483,-2.9875056297534597,-1.2845816666270669,-3.7374705808976483,-2.2199560806781626,-7.2007488622172,2.0031184229485337,4.810608443741863,-0.04118981767776608,-2.1697751965483487,-6.4086600878769,0.588152994427338,-2.3342282172621474,7.478765604048059,5.007304755268368,2.4043854256226345,4.615613980392737,0.558672837930509,0.040997521802276005,-2.3869414732995202,0.9215374407406025,-0.852159469631431,1.4817036352902537,-0.8561156951448279,5.286997313240534,3.512678698929758,-3.3438213539756347,-3.058518009819241,4.639980100003211,-2.3496274398453787,5.2834563846028235,3.7032677750213803,-4.357791745972494,-0.8540503591872515,2.826357725429542,-4.753441102562706,-3.743102640332026,-0.2780407181787945,0.04543752352348385,2.293755244507726,-2.7281305999269168,3.940096837435677,1.070005525108952,1.5064903163425933,-6.544087610417163,-2.075751961537759,2.68344595115273,-9.913928149619098,-0.42207810985297556,-3.8085973296645106,0.4462887247858176,3.1570215857898423,-2.7849838449124698,-0.7374903148420788,0.2627638892146609,-2.890380738170395,-4.799282386968332,1.2010091621460477,-6.2148365092318185,7.920436580709302,-12.869761004822394,-4.7801979362444795,-1.5120703923658274,4.724316235743706,2
-1.554429107070906,5.619469791135598,2.1198052359300075,4.171860684217966,8.212459370446435,5.884999310369624,-0.7785507638063605,-0.4189747722247996,-2.8131576356064523,1.9711394265010078,2.652344673986232,-4.7329094860608585,5.204540176808128,3.021580643350565,0.23291932965001783,-3.2480317226750426,-1.2386985262162704,1.1039116638700865,-0.26381671455990907,-6.213561277348223,-7.187683135766713,2.0258562485644327,9.890538196302389,-1.073338695731747,-8.906643135201437,-12.029683848643776,5.861568402038389,-1.1642575250661484,-8.334267151931497,-1.2859370784799844,0.04292948619018344,2.2713228918653714,7.28902485632158,4.390764501300827,7.359795614486142,-1.7511492211469943,-4.129495856232291,-3.692527107964577,-2.167506994919936,-3.3804501718985636,3.5434426245065254,-1.1894151253746101,-2.758843555170442,1.212506545796308,3.6335751887549033,-6.357223408251337,7.547462315918261,2.3976481488839623,1.5293576432288534,-3.9504203074274455,-3.1276638753604846,0.0423368611263194,0.36834331901920436,2.4069137543377366,-3.2410492711536154,-1.655942482029034,-4.181775990511402,-12.058311079402538,-5.766769249039314,4.50811463375303,-5.1107220084112255,4.3287841325373675,-0.7333963158473015,0.8898435638119471,0
-2.4359244921520276,-0.6699516105492742,-2.061159292966174,2.954160496738896,3.4497543107420334,-6.430258733933431,2.233294206019111,2.983172069672585,-0.9610316272544188,-1.4770101655724481,-3.55501800484544,5.872053685585669,0.1584316614201169,-6.681899134338693,-2.9698371411566686,-8.790298308991549,-0.6859479271778417,-2.4334218628352593,-2.1963304675533184,2.8998914634965542,-4.0298385152477225,-4.84619597878777,0.6460016791071639,-1.3620001195837723,0.6555033833458732,-1.1925266599744107,1.400416566941602,0.09920905311671491,3.0773448437039996,2.272196198275348,2.8420636402859243,1.0255781006593063,6.824883944473809,-10.211678387982552,-0.3260007379616485,0.7194982189930668,1.6520955806862057,1.3449916136809454,-3.7906427974309684,2.8586789473351644,12.80599612931737,9.071828803746538,7.733350575187762,-0.6428188204719163,2.314776686177896,4.28868565419912,2.0182150759807573,1.3234808151836663,-7.735952784733593,2.4608727418253142,0.6580821125957703,-5.702132741511875,1.468061637836235,-9.217338182861116,3.3130704737027448,6.7875470915431055,0.33272679246250014,3.4269595393967522,0.8554411401530715,-3.6181643985429415,-1.235367509926764,4.908068512287024,2.1153541298801946,5.664295057814699,3
3.4886893881671734,-0.9716295315715636,-5.295763488226677,-0.6917416689633854,-3.9794571953897693,-5.344028480004342,7.769890997223221,-5.1518104745655675,4.019766708093845,2.661479361090858,1.4102072221023652,2.8104364332878244,4.91179279852248,7.167273379375061,8.590810297518845,-1.9880385391435031,8.15403958643401,-4.79440178556774,3.0608775135701745,3.0042752347870145,-1.5569844609907368,10.45877644066821,-1.5229865902995088,-6.898232877131419,-8.037839933452087,3.316301645044258,-0.7690846121329433,-2.4084244686025187,3.90131550692832,6.316562491140396,2.66926132536842,1.7858961427378373,2.8888207707469387,-0.43674894391039865,2.9454271975326423,1.465959567362636,3.9863048356866853,-6.449989455554324,5.886318195238318,-2.352687697422616,-8.959647497523783,-10.703937854309792,-4.4084062154920955,-6.89593919011017,-6.778094563466952,2.9015371595190826,-0.44834034831654446,7.448531309816747,-5.208020966968323,-1.5246447235917224,9.967800653394256,-4.994563610852813,8.366365322499595,5.358033875928876,-7.144180435950019,1.2329062000929796,7.4764375647657335,-0.20454280113990553,7.754888754904103,2.743940249892248,0.21457431409823402,2.7720311976252043,0.44459053041717733,-3.266806522274635,2
-3.926589579020881,2.165116197903529,-1.8913366810361363,-1.9167463445295936,-3.813725963920489,-4.144090452567207,4.179144862143231,0.7717275881656547,-2.171604181417835,2.877860252237752,-1.700713048390197,-3.177506137120359,-7.70570491221909,-2.1366789881996153,-0.49375737788599283,-4.851111483888616,-1.4962623301682658,0.6542056818220122,3.0735024508392694,-2.0403479907782174,-1.182210797657847,2.8836327243854365,2.9094263215460803,0.03143896585804695,1.22243071200102,-3.345481683855361,-1.5210897400948293,0.9875730657914064,-3.4738407699715204,-3.7379202131684286,0.3676887399290719,-5.697643271151155,-4.382952700195618,-5.577712298608986,4.648870255019149,-3.0748033175373717,3.4342585340012897,-0.9008601627059974,2.424782117924445,1.322144910370736,3.1696411738127788,1.6902992903695004,4.406785253115327,0.8053373144284706,-1.458415984047935,1.2044883596490978,8.941936478001367,-5.269270379568367,-4.8095291253433885,4.004085976767827,4.637943353796658,-2.8648453860040095,-3.595938155684963,1.4562768991124984,1.0230975330267258,4.478993807672596,3.894460704770543,1.6776045241977409,3.039841986551838,-5.467236823968706,4.6731914954796085,-4.524192487469353,-6.86242403674302,1.4477266603547898,2
2.683461014177865,4.307897095002552,4.875879176959142,-5.1719634691377685,1.7653058613266759,1.3537282437109224,-0.9156640996561616,-3.4222061922044524,15.189137548645368,8.978870730835826,-3.953545962729371,-7.523289734562825,11.333689320979056,6.9438584950487,1.2448734455156956,-2.0630952816377244,2.60731952460035,-1.0620634715020587,3.3352104490292245,-3.892399752575548,-2.0197270197373403,-1.4984799325978104,10.92922828112691,-5.434567811008841,-1.642386736213059,2.7442451904935043,12.019083036933067,1.5708390530287262,-3.82684975920283,-4.060302541652192,0.802615080664145,-1.1503790982366486,0.32401065784064165,1.6794695564768203,2.5141777473849185,2.4673013762561165,4.085431996663953,-8.77086666405264,-6.784435388087358,1.3190210596703102,0.5394406071501434,4.557882382452076,-2.888003891308476,4.041028816223346,0.49800733251280394,-16.232220162199297,9.927786626690311,8.623960699625187,1.7029075560363975,2.821499601619544,6.3821919673865315,-1.2338504482081878,4.209312091563812,2.6708749018269016,1.9120012331913627,7.490487243340457,0.33870357657216055,-2.790242863562068,1.4679129918393534,4.808916878944822,-2.3352590386651286,6.543312598999932,-1.3956607950652629,3.2377733055507463,0
6.656952907635512,2.784112134454354,-5.402259169931867,0.40625104380342547,2.3747667249046143,-6.522352421285062,1.4827029002857848,-0.6167291807442812,-3.3669823532074847,-0.9608834920893992,-4.6281123955062,-7.086263955463344,3.1579805508598144,-2.20806888829875,0.874958836173416,-1.9351345209844597,1.8393825281968705,-1.9062937182230044,2.579616157563243,-0.510263955287329,5.633362428281709,7.580004682783762,-3.000920548897942,3.375360024522804,1.2159181736743658,3.240861261629115,3.5654040644968616,-6.64131235235717,-1.8076103745041878,-0.05811549380047476,5.26053487059022,0.5513291644998946,3.6740463555935667,-1.5905380417577382,0.4660335606873438,3.9867055129098485,0.4899240729441403,-3.351002026004563,2.22954537765782,4.310571512926388,2.2417795790882282,4.569373365511947,-4.184347844422209,-3.5367249963188434,-1.671633424627786,-0.041520396988824704,1.1187334147543604,4.144801164004901,-0.45873674172762313,-0.9641036434290859,2.8516031943177786,-0.6200996486108481,1.385103074331217,-1.4919296194846208,-0.7162703103916805,-0.22460171192993372,0.6783287416675181,0.09746273235535785,-1.281536125004698,6.004626908444181,4.613144648306343,-1.3259237783145283,-0.8540848357768229,5.596545084204634,0
-3.064092735161964,1.854341683085486,-3.3969942323158406,5.352137903525211,3.8809392662698636,7.239186974432078,-2.328940930449808,-8.026800863041856,-4.8615306085012895,-5.2188035033757725,4.860569894293024,-4.774683660517299,0.46288908124790296,5.37887518540365,-3.6604673306844675,-0.04893575644454662,2.28754615222993,-3.8075641655339245,4.450198537168937,-0.7812019455311616,-2.5970503613401323,-2.853287210465841,4.1551257473959256,1.1726211689330444,2.626210528063317,2.1431640986380724,2.2920281392150454,-0.7967155792255335,4.165132129519723,3.603100601629702,-0.7558298999968001,1.3966019528647786,4.982772207527546,2.3563910764289693,3.8047860205479713,-4.936205477054068,-0.8380435578960215,-0.37007348303422916,-6.6055609636479184,-3.1580616085445845,-5.14798845016289,3.8111213407385627,-0.6431968300745055,-3.26156877429707,-3.086772674594923,-2.7110188672265405,1.0762341763740109,2.738173130539839,-0.7606586208712918,4.016779361381293,0.014027995722871944,2.153028969189503,1.6850383836690723,10.872428202103274,3.0505772107923486,6.385181864875696,0.5678935654019044,-3.73731034617533,-8.600136981191053,5.587055536631886,8.378196532943262,-2.2732150826275386,-6.423337333765787,-3.5842533450711,0
-5.064151599181035,0.5010344974025625,1.1976245388821543,-5.929698329151142,6.767915371777641,3.4608791391999123,-0.8236975896573933,-1.7363372647423128,-0.24378880065948016,1.0598697701118112,-1.4389870971696357,-2.8860295100324564,-0.5630389077101501,-0.7224833025041808,-7.2191558220931515,2.654846097614201,-8.791514299320202,-5.139707043666864,4.152385246083546,7.053149758018428,-2.5208548796387964,-9.068889748080286,2.7792393284954313,5.1543830064846645,2.5338556062981366,0.7887597932086979,4.3932266463734155,2.2952982878376815,4.836385303493636,-4.497824308184109,2.2683133378173546,-2.3018962312677664,-3.736865416071092,-0.3060471290827407,3.046065638878729,-3.954495992021587,2.7590287738525605,7.819486782100418,5.92702447352834,1.8408815589193837,-4.908000873929766,-11.48782233962933,6.625474669986272,-2.3377565433855594,0.7980691123516671,-2.104932313156553,-0.8421134892491859,0.7329108752570492,1.6966476213194546,-4.77682604700943,-4.878152024186278,-0.9095749529481344,3.9100294981907053,6.61269415608231,1.4365641004814642,-6.004934933752071,4.094375049542579,1.0140253137855944,-1.851520258668591,-5.582528690142909,2.597532317164744,0.9333931257624881,-7.702031873301803,1.9839108099509977,2
4.108766215333067,2.5250995264189595,-3.0751052443927547,5.542606234197064,4.345285020863018,0.00329257406731831,-3.1021269936933544,-5.186123659726984,-3.9657541082959167,1.5362646091771173,-0.994261611521309,-6.965700773906235,-7.029510332887496,-2.1074599512184866,-1.990022297345008,-2.576574507789698,-3.399657962721059,2.076991447411049,-1.23173395856056,1.6025715513062364,-4.73744287935348,-2.935138971031452,-3.286455547322957,1.3336606084637999,-3.5946211414826847,5.358955865884676,-3.963805813492158,0.012193905065607247,-5.174463701087457,-2.9638954809433855,-4.0438659669644155,1.305523042617192,7.219601061783409,-7.537151190940947,3.869395796238196,0.2724700365115955,2.029284493735481,-2.5079666270187078,3.8152413272129486,-0.9904347614480553,-2.6978652060856847,-5.493448510364386,-3.5824597811579055,2.702904083515051,0.5118129181312474,-8.305662058173573,4.515425051036584,-6.550392198509019,0.7398168235798614,-0.07810710535793008,-0.15181706321522226,-1.4545911572954626,-0.8250113822147976,-5.684942005862705,2.858153151530068,1.9700092401109452,4.266920164641113,-5.007822241549402,-1.137040762394839,-5.013028718117035,-1.4767992468003022,1.4107465501412553,0.9034580961650032,0.17480536627757315,2
1.1167271015943512,-8.836099319595142,1.92716259951521,-2.3346287999402664,4.231265826476998,-1.8655525962447874,4.250117874508179,2.3651986935672324,2.498706778732355,-0.4417896489564417,-5.779506723052556,-2.994144533160621,-9.004956750367459,-4.31804630997388,-2.9735288482863256,7.046204918122179,9.242399238886696,-2.232940417354709,-1.984388597814041,4.991910220361143,3.1281496992867837,1.277503940864035,-5.377358577766422,10.034467472641053,-8.011028117540064,7.580583938277822,2.8220267320111145,-1.491867761728141,-7.687298970352401,-3.243046034749499,-0.23525869600487104,2.146248122873289,-0.254008430233841,-1.6250036680690796,6.167918050434784,-3.222454703626891,6.089235975228496,-4.34946375636585,3.6921323270103703,-1.0044717810571835,1.1129243481876516,1.3980677857335173,-10.987291435024327,5.085320547470145,-5.895237197442616,4.126566316157186,-1.722031713556396,-0.5865739778548424,-3.812998222794266,-2.1569416160577166,-10.399542020394435,2.8094175957121523,-4.395252897423289,4.252498802216766,2.212766775845179,-7.3231983579643085,-0.5521204827735611,0.2689996957714267,-2.314341274353315,-16.427010636732124,3.109402043847888,0.03535530556859645,-0.48604693852109593,-2.637990643412704,3
1.8424460397690523,-2.946512774801544,1.6439762058138527,-0.6060958488680273,-7.680913509188907,-0.20746928708406398,3.387845676305666,1.5027893224257318,0.49387643943883464,-1.0071866815408108,-9.767916179276476,-2.162494491310652,-7.651076833602502,0.21005595682754996,-0.18899748599107669,0.5543179564691122,-0.4605201300288251,-4.986216766572846,4.6009692038291865,-1.3200002195983818,2.568630442879909,1.6643587104287447,-5.660259747127511,-4.04827379564173,-2.854989046141929,-5.338288322923954,-0.6979206433733207,-4.046498834237136,0.7767114528804782,3.0781706676399185,6.268906467416463,-11.083398818943381,2.662140987535347,5.090129106408402,4.260392275478567,-0.34786308545327616,0.3084165748848663,-0.9938655953941076,0.5510102869837463,2.553976544215466,-2.9086790248425816,3.97046430422279,10.173747193852325,3.72641016172323,0.8807433074547013,-7.190292138281258,-1.0337019655663209,1.6740607609528808,-7.786111080769999,4.434624545497646,4.664343787903702,-0.7949014376434127,3.6720275229816237,2.775005049146003,-1.7411187739657703,-0.7514182715986999,-4.881582889070687,-4.946717019691917,1.4091217917704835,1.78408272030889,3.911448413474558,-6.792788946368144,12.780452154893098,-1.7302687430718406,1
-6.1785387860611225,-14.04853931121048,12.54648482168248,-4.34788695030676,-0.4612707062914545,7.126153143376307,1.2814300821516778,-0.9064202886492883,2.8176362429851878,8.311161799673979,3.6925347573598275,-2.8243223023344295,2.156911074085974,7.117370302913223,2.4668692750245813,0.6869303413333383,-3.4312396872193762,4.026823636591415,-5.457984786385229,-0.8404137462173571,-2.665652713938041,-6.2297098352118905,-6.831512659210611,0.9594253114206239,-2.991447920926716,11.528823330449026,0.34089504061235143,0.2382092223040373,-10.60990259275994,2.6739167793511056,2.163902321880629,-4.818776217413362,-10.187106448306762,0.2518496636813856,6.965361440589215,-1.8466841353421857,0.6665252486738695,1.1621106869291076,7.7943983221192825,1.2564342045717956,1.1632393389303541,4.089117649915227,-3.8678399121162457,-0.4644481739026656,-8.906822246548508,1.0506261037564166,-3.940942991776179,-5.211421687640996,-1.3586253134036284,11.76206370593368,-3.2108684075898344,0.07433243576137549,0.2718383325627143,1.8012563249945073,-1.6710555478583289,-12.071425123458306,-8.402272019383386,-2.172985177283712,-2.2777072470570303,3.9544015140031035,-4.1769920827102744,-1.3006517157482378,-2.2641256087476314,-0.32849689354840783,1
-5.3089613367369655,-0.5601289267312164,0.6943420856639353,0.02154809058328444,-6.634527807112371,1.370713711014277,-7.023419031440946,4.72007304206268,-0.7740351530007841,5.456752651800059,2.181454364193538,1.8962372759734312,9.283578783215216,-4.557743980617277,-3.9633356362000574,4.44038714103643,13.216496720989799,-0.34390356743489425,-11.308105760720734,-0.7775161553815781,5.171786641345274,-4.677126852602593,3.945558621394955,6.280117685423416,-0.28446206425082776,5.215712495719162,2.3891021898617604,-1.052595208737599,2.4417280998379853,6.829556965832446,5.804464325457656,7.621278988565951,2.2913188893543017,-1.4814755679572231,2.8142791391323163,-5.777767354507726,2.154100975475501,10.037803627038448,-2.6037213081837782,0.16702437143983895,-0.0872015572990481,0.9345798674156305,5.840044674489219,-5.563668335192959,6.114854368214041,5.603491621695518,-0.6104524802948692,5.002586122904482,6.057277646475578,10.240287266552388,3.658514988908566,1.632325927545046,0.8715016778710507,-5.584563670111751,0.9945654763824954,-4.116492422311965,-6.239638433653045,-2.2094465887999943,-0.14867874949727633,2.3784813589081573,-1.813825149117323,5.979215803834679,-3.8763833068323468,-0.5810604358167195,3
-4.7713524727435574,-7.6738146250030965,0.8148742232353543,-5.138516399820679,-1.3353995136256316,4.697553422253108,-6.391968242637818,-7.711946127807097,-7.991020769203964,0.6973496222896216,-6.672639415899508,-2.466724727020681,6.068304877057548,8.117484706923513,-7.844665646986991,7.453105597801263,-1.6963698138462213,-2.3963260218505917,2.4010700243386203,-8.127897970301444,-1.0902111907938592,-9.604933531556952,-3.113679887035774,-0.9251277619031789,2.959926209444218,4.713267147368155,2.3065340823641254,3.555841320959231,0.6331698457507187,-3.9140707431283754,-3.7013176476393657,-4.690652807516853,7.455617617945762,7.511001101969651,0.9074772995202232,-2.2524774306034185,-2.759849213091882,-5.282229533863199,2.777132818164524,-1.1879165952984876,-10.029234501997172,4.545462947946171,1.8316417487536016,-6.781653053739636,-3.8212500700426943,-0.1656036031575936,-0.3199309674263384,1.1751210409820194,-8.653192497028032,4.226503319649803,0.08719307959349498,-0.688211634197068,-7.234903944834894,-3.2517858512641657,-0.5009082023274771,-3.1646357735422477,-7.946612599163046,-2.572503201358631,4.895492212593803,1.4596992437655358,0.32825041151470047,8.200115521577459,-9.923925270044743,-2.7338516053266835,1
-0.42473504058153844,-1.469634491290268,-1.190063067134092,3.4915466075865638,-5.1488685394530105,-0.10957461280204595,-1.0693023252014187,-0.5282370585052447,0.27380800458380006,9.891982417376866,-8.175383197017222,-5.22075970603778,-6.706093307829423,10.47793162019872,2.7976109956233697,-0.42054299355286506,-4.14274580812422,-1.0920127914412858,-4.452668068408211,-2.266982585884536,0.44349048726723883,3.4473803540084695,-2.0333161932306942,-1.67689290600556,-4.7525807586417095,2.6947310433161453,3.4732062686801513,-4.64905030210517,-2.4401742583954467,-6.157528367123139,3.0039788723703427,-5.051039726308117,0.7566973227824267,-4.761323489141063,-2.85747255154127,-1.0742705987671755,-6.052646343050384,-4.312812272940799,-12.50762850916935,-4.569290500726196,-4.200668325611335,-1.2277002449137386,2.676805965302164,5.433827004702157,-3.0629042966592785,2.4054737738357996,1.1390784195089236,-0.2597518956436804,-4.761366841469089,3.5973476827491577,-5.919080211069382,5.40995823524692,-2.961912045166784,1.7594330982657844,-1.1742266749954169,-1.9372186218422578,5.830718019552287,-6.608282101273412,-2.109513781911916,-5.240299806999707,-0.4334783906625347,-0.01597959737511323,-1.6154251270163176,0.38023653053625917,0
4.179908808431998,-3.3667822870577284,1.7181605729646532,-0.6922758374433997,2.3495713465183257,-5.652349130641053,9.560006762063152,3.9041512651199257,6.288613167129227,-0.7954583129364419,3.4198948619253646,-3.842315233301737,-0.1471137097949642,3.3072418711949503,1.0724111942573713,-2.7306620626572147,2.294887808464341,5.440695556855941,-8.659125309164605,2.9316579277184873,2.315849038409784,1.5940963453780368,-5.152709901445304,4.951003843030828,3.1191282301946144,1.3344466321158583,-6.001106033399364,-0.29517113182029975,6.426865142312273,-4.042564778258221,-8.884716515580365,10.647782276870174,3.9922067081319432,1.727618881381367,-4.422600809231892,0.7111152596290256,-1.1222625379930324,0.47223386999279915,5.381480194715809,2.372707029971296,-0.7623503437191625,-3.974821396511585,-2.843300011378913,-1.5160363257056328,8.695806387850151,-1.4277458804978602,2.823380879263342,9.789683539139618,8.818258729957005,8.120321438957728,-2.9254650684633154,-2.8959204976050157,-2.0278469412864832,-1.984375062121397,-1.1189824312321504,-2.2830569593082455,-4.1726071291133415,-1.4558498004105882,-3.5556863340257805,3.219425968519123,-0.29952881356023475,-2.934894482620681,-4.916301712583218,0.4129969321711542,0
1.4817646137204157,0.02233072693070204,-8.494775799607588,1.516571452305739,-5.358037630876172,3.099393013168947,1.3992698703306092,-2.5196482187476397,9.139602311028124,-3.146361474460033,9.840270703697538,-0.05902900200648942,4.382118803255841,-3.7018592506904113,-3.4005263874239455,2.9413094189744746,8.78359458278325,2.7143928686828613,4.211868793174954,2.885258023412108,-2.0187031473054,3.5605380737907866,-8.879266445293927,4.666036919919438,-4.361214314085577,12.196136387313269,-4.907060589007616,4.209653675399223,-0.12947279370277487,-0.009860845301489451,-4.009953229176106,1.2966246264835763,1.0418501591263478,6.953251942617087,0.6349036180761161,-1.8317797408888774,0.5287117514165955,7.37114508917937,7.122573443219837,-0.9421545284075137,-6.723194431099438,-5.767532892688097,5.332872914167536,7.933006317949523,-1.6514512054563673,8.06501166193057,3.533448520949964,4.134380050719587,-0.12060530308630435,0.309885062887137,-0.13408694455781012,8.526521571169926,-2.0331244171466016,7.178135484700292,-3.578910220215219,3.356243705704496,0.7755351950004221,4.353511172500319,6.686283458825372,2.1546769661309524,-3.342538027417069,-8.687760422845237,-1.2410901145543325,2.600425953620117,1
10.764960577476028,0.1975001088223436,-3.705265825158644,-1.968951757991253,7.034175001173509,4.1721843992659995,3.200379408724481,-5.13376015652524,3.63252486684074,4.163674961585813,-11.051339312250937,4.161257481353677,-0.8789594655201529,-0.7697119335761626,1.008026926235675,-8.424924255983399,14.572393186558644,2.89741805835789,-2.8943921982876644,2.218495786433519,-0.17064241732836116,6.099255352280166,8.817890821228893,-4.3213922628438795,-0.7499202591322616,4.315014368115362,1.644101677320514,-5.023287005372821,6.021192582887225,0.013811805468106897,10.961890672678559,-4.256177926067643,-0.24852860929368037,-6.353847605735169,1.546896998702279,-11.500038548678464,-12.052177367954373,-14.285966261773037,11.577296524130888,2.827851803898204,3.9390645135397024,0.6417267695503905,-0.8811818910961369,-4.0369256135282825,-2.000975246802334,0.4463031257688044,7.386595908833189,-2.9660275545394246,7.959723347282045,-6.070944015660144,3.3526757719674825,-3.3473085324121987,-7.888666650873977,0.06865221345549077,2.232599809997018,13.708054677755435,-6.2156966091988055,4.3663258569125745,3.582729626733915,4.343117715313394,2.6983175570634987,-6.899864886689141,-6.773154046249627,0.03160927549619408,2
-6.888086041934844,-3.5128535219953223,7.177196628991137,-2.8425392171286687,0.07200238995384645,4.527392221215869,-5.524019717973167,9.43955637149018,-2.5680986002218744,-6.773842227250421,-1.1706327114747999,-2.556314037358945,-2.470032462378149,-0.732987694800689,-0.15671805816644846,-2.145966831447069,-1.5474978586307646,-4.76124076827722,0.3128429032653397,-10.73178400424542,2.487335576521176,-0.5175387156952334,1.4667644798765425,3.0292830686703773,-4.980734929987423,-8.296250841298573,1.3429304593361429,-0.09325908938753402,2.219880266970321,-2.2683966568199323,3.567403137160521,-0.6238421785660444,7.035897867353019,8.768703985507395,-2.861975808211182,2.9944167188742,-5.3766740977872445,-1.8707900141489116,4.5194096879499845,-8.33127969482599,-4.840769145080055,7.2087282802222905,9.394038337753045,-2.9964387764962703,-4.590044489306349,4.305613451137377,-2.0249829991023964,2.3784638645750413,5.080797173025868,1.6388289849200457,-1.5465778914565362,-6.750022509778192,0.6471650640215407,1.480217672921232,0.8538516040799573,2.63350700074918,-8.039875893105574,4.677017485942313,-3.467039142450668,-2.7648255497138527,1.1950133644439953,-0.3777465866652612,4.789397877379306,5.5417482979816075,2
0.39255340758033386,1.0171131140223517,1.079549561882848,-5.628034950620199,2.1579338211528496,-1.6434112018348792,-7.48498155663485,2.157456581468808,-2.658362247979832,-5.7808991611663245,-2.3174940293894646,2.2511487412212103,1.1611864348436622,-2.043494674928795,-0.32956011955691467,-2.314926699529194,-4.039230597054938,-4.921494691576198,-8.76777497119816,1.8896461266334117,-0.164273133744822,1.6373636662430453,3.1180721356502614,-2.8031817692836722,2.4943346519811374,8.046993187260668,-1.4342362349542137,-2.6498892464423216,-5.428575919317225,0.515136626273077,12.955059703269836,6.386860954891829,-2.169717907068272,2.1187762565686814,1.8223703321786417,2.524149670085918,1.740546533344697,4.182608446786505,-10.562511273522855,1.9854675234959145,-3.24044647254358,3.632776860361186,1.0112153875554886,8.345862791867795,-4.318340486399025,8.379426656684394,-1.565162724777807,-1.6885513178287743,5.119517006191663,3.9313445402273093,-6.303544274901741,-0.7426912325082136,-7.608111875142859,9.435301064046465,1.9861276600141426,1.556212138188118,-1.5112204759845365,-1.211308504558294,2.6857385908878584,2.5526207459410246,0.8860951241751671,-0.21985792442475027,-1.762171824814748,-3.785043403842425,2
1.1280056012462145,-9.702578827729372,-9.419347441540735,-1.1077593694604055,-6.580261707237342,1.9947341788490467,-3.094366510541678,2.9468790863368364,-2.1360285974881177,1.7237231632456198,-6.986762014102422,1.2269445444789286,2.1575819527818787,6.041085977303703,-0.9344423712053354,-5.010772814133219,5.5989398281534895,6.699140189397491,2.736928940387357,3.680304461587989,-1.2493209188381171,-6.728748548060519,-1.98660278508742,-2.0214487278614213,-1.6160707088666397,2.2402434356679066,5.01165632401843,-3.0746947800889908,-0.273554564306569,-3.8210919099369747,1.6884969189942538,-11.153434823128626,-5.6371526597355555,6.0286841667410735,-2.385328276156667,2.0035985674310166,1.1838940117241235,-1.1482666480689325,14.522474967546776,7.762204446291834,8.435257026685278,7.913575314525593,-3.748775037533338,3.7318471462820497,-2.2109279433655313,4.71005497401878,-7.527587171269782,-7.757016969344582,-6.2379135435571,-3.1940650269704913,-2.04585388583273,-4.153703554952742,-8.947018746021618,-4.3177736751160785,8.857945530747557,6.911534489151182,-9.386803476528888,2.19778039150932,4.6669671034335085,4.810356630968418,1.7352600369988003,-7.42988882699092,7.426720557328971,1.234197999207612,1
-2.5024494325332802,-13.42289745345194,-6.108165010466983,-0.7805149472135231,3.3786790544253082,-2.9317173893211965,-6.197770558638662,3.5381036841936697,7.189681312487652,-2.016064694805799,1.069851659228259,1.9973232995860477,0.2801495584090661,-7.839583063636558,-3.175166710292912,0.7368171454445858,-4.507034068907354,2.055505566188095,10.885312836153819,0.4089259118490238,-4.923444301118672,3.3646323690486266,-2.169753411053826,2.2266489988874882,-4.374112434445739,3.3117790705183627,2.5578211511578024,-9.151111279369076,3.3929967063273914,-2.7254035350372328,3.694858272824564,-10.146578239766649,-0.3136915491130625,-1.4458423678279586,1.295170572379249,7.814436371121598,1.4244188467089842,-8.302014922781046,3.891892868458391,-5.543301001290734,8.593058673753118,-2.404891909213996,-4.609276464176919,5.363179256793192,-0.2539938977654199,-9.522305947757332,-2.267599625886062,5.939190790358791,3.5432666039788283,-1.8538444202458904,0.02152520028762006,-1.229989424284907,-8.27503599571523,-5.159569244859678,-2.657164295882115,-5.664735156134487,1.0920035593053994,8.726567987551746,-0.3824962804287073,-5.146377867851075,-3.0289304059810966,-5.69927319580798,-1.3306454765337679,0.5915341486909163,2
-1.4880545780018695,-2.3836145096739485,-1.6019154741080879,-3.007632899615711,6.20912683733521,0.6944574007086894,3.308770570077602,-0.07197211074844523,-5.118527519470731,5.174997968446451,0.42753464071158476,-0.07814093245114373,11.626115887732531,-8.191853207087874,0.3603038703144249,6.719314746973999,-2.98104244072386,2.7318624212039695,-4.022510871327106,-3.4137416042174253,-1.6573621819434958,4.8556433024587,-2.130563962069182,3.899672442882343,2.5861633687307126,-0.10409318375386611,4.858367607301769,6.431687161138368,2.8286361653285437,0.31839580963026126,1.7390795693697774,2.5114425553873563,-3.696169175958586,-0.7174064413406116,3.5351199329253395,-6.343529413554569,-0.236104210218806,-0.42139001418410893,-8.416074405383767,7.419998284165969,0.5175170372569227,0.020722129357726438,1.6808154743881785,-6.619284986228097,2.3895116889666594,3.2695527706640943,-2.9836287826483003,4.495505632522306,-2.5176425125753665,-1.13592668093845,5.529269156824473,2.0449773768837876,-1.975116168305303,2.5896363580325925,8.433242932471153,4.877911007761529,3.2264438805485405,4.999014479559584,-1.5015521400333043,4.419777098897406,7.84340132346406,-0.20008466456554697,-5.437361806041622,5.381861251157028,2
-8.420773170296545,2.137580963778017,3.3472453952797863,5.695454561106791,10.95281329870063,-5.850592313441888,-11.103219313291959,9.370563633723188,-4.393831626269193,-6.764926408012141,2.008061798893099,6.3963868950052944,0.2222985165629483,-2.5432658129388406,-3.5973380589437274,-0.03591162364268574,-0.5416715723322316,-5.835958066748533,-0.733840632216483,11.9565450115734,-2.498893376599039,-8.988601782871878,4.026850414470106,6.986715156961779,0.9936317295450909,-2.486370645431543,-1.165036292214519,4.078935679963226,13.325494738560343,2.2438910605954807,-4.341788093353523,-12.576784594194603,-3.0585125061421694,3.5783200731473754,-5.237108656454854,-1.3127730921518712,4.78837832330557,3.043322689167004,-4.393235498557244,14.862153798904037,0.4033531435795539,-0.9690133655815226,-0.9494750636501348,2.5575824307531336,-5.960830064287254,11.774614039333535,1.2175743724708161,5.335496786740956,-3.0032240656857363,-2.629445901425007,1.8239792866531492,0.6756721631859908,5.567275054228413,3.040031159026369,-5.324221589801859,-4.710424910206118,-3.699335104038471,-7.25147851898908,-7.432793051351391,-1.707713361646702,5.608125963728565,1.8673496640614593,1.8318818729255302,4.58860235838844,3
-5.1964828038712865,0.1964862381389264,1.221160084040616,-6.280891861629883,8.534102084790995,5.435365668672702,-1.2591528813954027,-6.549537697983319,-2.9148641451092767,-3.696561405041231,6.658420511158389,1.1123379141613519,1.468763261634051,5.4058143919882164,3.513790769645972,-2.568571007285845,7.642171932051144,-4.628457001465046,2.789010946659331,0.05918880995827225,-1.1518065659600485,1.4512440462035818,7.201760694055054,-5.317694811466302,0.40331703152164,-3.607797442298173,0.7386015405284427,-1.4704712159761046,-1.9715060503122288,-0.9763365881559348,3.251243292756093,-0.18042612372899058,0.4794587858166287,-3.2534125963376663,-9.809482336723484,-9.629050490728346,-0.8754063019581217,1.8154217655162825,-5.883646312717097,-3.291027386945241,-2.026845691643292,1.5846529254664932,9.9227822047731,1.3636918241110534,2.884290918747893,0.4363851769919267,-0.6125579047455549,1.1703330174822115,-1.1636066377018834,3.9960158668088726,-8.93626041082949,1.8353520152025338,2.0221963683945834,-2.3104250535571187,4.655839040625002,-2.9622146850788678,8.864580470795886,-0.28959604209951006,-0.5232361502020719,-0.6130867273415743,-0.5349678604188275,-1.437705514896476,2.282948368620371,-5.769309832165966,3
-7.3273233621093805,-4.160026556296581,-5.688286363472452,-12.048626250745917,-0.8655587893576073,-3.018920788301531,3.896172276235931,-1.0180373361117518,-4.780597163627373,0.19205321835479694,-1.809451664650275,-1.5029246285503333,-5.710119918090571,5.097993952956971,1.4373677056986294,2.268926163884894,5.6026797811890106,3.4819113040194205,-2.522617927873432,4.011157295039808,13.635509179128322,-6.893095083609567,3.103108176153315,6.109706388340402,3.3256912274183854,2.5638227405252128,-1.6783312215812107,-2.0114640544550353,-1.4855534037796598,3.9592133514950003,-10.51931550260877,-5.760289355161534,-5.75904287431533,3.789561725079213,-2.301350487886134,1.1484923470823487,0.29540447119424273,-0.15611491153914048,15.634204878808282,8.83196327113066,-2.3881715132568626,0.5512188397045099,4.066672166500109,-6.3426865798882215,8.01240683353953,0.6507350266674892,-0.7666725882583387,1.5203146745865554,1.9181723463834484,-9.40040289738483,-7.165194454047955,-12.227580619357832,6.860179294015852,0.931750119001434,-0.11935735500350508,-4.630235256857704,4.7030195820904845,0.338612267610348,5.2302889770048795,4.8172429888536525,-1.1953235910242581,-1.0360665315230357,-12.543735758977768,1.5376029192274152,0
3.513212768713844,1.2182428406929522,-8.610495382604972,-2.467939262047202,-5.433515151139074,2.8904199804550843,-2.680870455968572,-3.0762902258514746,0.3631313968691694,0.06974626726767508,-1.8014942130564409,-6.187538115556829,1.293311708301663,2.2623144696120683,0.03814062173807087,4.960147338596167,7.8042643340880655,7.2395849097289044,-4.6212604798631265,5.173012415915892,-5.1939228973503955,5.843193950915884,14.188609312569366,-0.7643928652992167,1.5875048363161346,1.4411142886025639,-8.61500283953227,0.4495658229906,-3.088355866715321,-2.4391930518162983,-2.2572709552935177,-1.8950109176990897,1.5501855743318067,0.9022354105837993,3.0771564161821776,-4.213091652550264,2.7961110580360495,-1.6122881683022463,-5.3563581561718765,3.338921492375941,-4.155352856906619,-3.4572122410044708,0.6899872803754863,2.0813141661701478,1.9482725316516776,-1.9197999199950262,-0.07101016281981276,6.806373249692901,-2.091525531230366,-0.2589291808236214,1.4000913683063367,0.7003114978289415,-1.3768165726085118,8.340705494458373,-4.406817018694871,1.9958522344456844,-3.6174839976614375,1.8850801427892168,0.9463510116694733,-1.5423737049849011,-0.2204574379719264,-2.6552398537922515,9.11818577095641,-0.7908081835317062,3
-2.6705282000702204,-4.840248207277615,0.714005291965885,8.920493146015724,0.10604683528960601,1.9828924553129337,-0.46617743855721205,-1.8705386856245827,1.6254279241103193,-5.505345266174075,3.4742402352829607,4.187665562693793,-2.137000150948025,-1.6331881063185727,-4.435455439767119,3.724769198638234,-0.3773034852257615,4.580145022518777,-10.44165648049381,0.02297649653852829,3.3008125574159277,-3.9556068552650134,1.2283633102992983,3.133622297163929,-5.612719186746459,-5.227329752003407,-2.5316966932205096,0.09682832831725019,-6.772323685262034,-4.731923545604751,0.21992540484279965,-7.432924643161751,4.474257683768867,-3.1246729673836597,3.3577786648810903,4.559128531378281,2.352371057788135,0.9584633698396436,4.921690657631451,1.3283319183511506,2.5882989067590763,-4.018042314659924,-2.162802544288656,5.147658404026701,3.082996056224268,2.0215255718630747,-7.560282680280196,7.81365856493326,0.1446391269502243,-0.5877596363641651,-4.731536605199602,1.0973107086828868,0.5042387186126691,2.1067389533856273,-6.18167887164181,-8.389695362071262,-0.5933083497753475,-1.3230052044534566,10.400597400141553,-2.840814405429057,-2.7259493535569437,0.01559066291459299,-4.277664716569264,3.0877485715158075,0
-9.352170582198896,6.050743173219665,-3.8568691204936476,-0.3401448052791174,-2.2300279087992925,-7.670306716704088,-1.5102735688974036,4.239759943981197,7.296743383163958,-2.0752161178030213,-1.3895576295827028,-4.504913500575241,4.050880263107018,7.755672587717166,-2.4466152106276726,-2.407747103555989,2.267455947008515,-12.822178400647006,1.5035614822389518,7.053712570073996,6.5237283246748925,5.959432794882769,9.54119311527785,0.1984161660486745,1.4530360787166732,8.075554589874368,-0.21742063434874015,-8.54220899476598,-2.852990127405915,-8.286440035200469,-0.0005531434796239854,-7.963250154978748,-0.5190465558841109,-9.10495895174024,6.410327015027208,4.813460050791896,4.338121765112512,2.3569430398048588,-10.196756925344303,0.22463682858763212,-0.04734964862448776,5.138340261065954,-0.12136285915774181,-5.558690932356701,2.058330545567002,-3.197623510593391,10.373963310756718,-9.679883025245106,2.4218972740382645,0.6284877078423912,2.457252468744433,2.9860522737632293,-2.9846769274890197,3.2845348834343264,-3.951932243690196,1.4032451722576247,2.162832242918478,-2.2257742245092422,8.000214030957563,-3.609823971640381,-1.5948483020552948,1.1941647311610226,-3.161427618375973,2.880934894728715,2
-4.252638340884875,-6.5095818828729755,-4.593335013357484,0.015906555152369717,1.6206884801198171,14.736540276691894,-2.9797003157902533,-5.599812943374608,-0.3260457185460146,-1.6623808609579989,-5.364538174908074,-0.9918878916922913,5.38856604665077,-1.3515261493631314,-5.12157925173842,-7.6999269319514525,-2.863543274401367,-3.2093517594541465,-11.68481411374369,-15.558763896142153,3.608843743433015,4.223981104082922,0.17531978827811523,0.6779937922634482,-3.828102038310596,-4.367627722802612,1.0003692606248071,-12.232493077921772,4.633071806464277,1.0146896363304165,7.376955219353544,2.9202518351374755,2.4804979292322336,-2.4871891219462006,1.9059780832839917,-3.481082239593434,-6.676734568121648,-5.581265193400094,-0.7109924089779768,8.429056031167988,2.381024786771976,-8.97319052048341,5.993164559066987,6.414143809891101,5.093499632512903,7.096078798007463,3.8211572531807207,7.398200202180418,-5.476874402558358,9.040193190889937,-3.2610562311835443,6.126541670139823,-0.708128027418502,-1.1935523631886942,-8.284293546602257,0.1645257419326045,-7.3166956307174145,2.0397149339423795,0.28161051050455865,-4.215011085007657,0.9290837038201665,-8.845423717866286,5.880773643624851,1.7069979121196441,1
-2.721912288142923,8.494251771995495,-3.250648955445853,-7.491135771849937,-3.2621731443773663,-1.9192565210600283,3.035594469287978,1.7500692130465414,0.01927798733150099,4.28506444399498,1.352437335433002,1.2735813432613612,8.481563185797466,-3.2188540914280934,6.541878413196013,-4.376215535558713,-10.345628831712794,-0.2354063667128241,-1.9605888125252546,0.7674964838945135,-2.6452014791786183,-6.029419940880028,3.092665446032012,5.321440010978566,3.38237396056798,-0.29950675018471995,-0.6779617611846254,4.414222032010363,6.92400608004918,6.562007453255551,-8.137411438716668,-3.845969428854776,0.9094937574900426,4.36456881379495,5.000547717157284,-3.64014764389409,-4.508962037835069,-8.911815872036335,-5.782912000914625,0.9352667414576253,6.423364646000871,-5.033069184420419,4.653821745807177,-5.041701911991983,-6.782544061598071,6.584641196166538,3.0494700521256286,-1.471510483757102,-2.4333216974096548,-2.6072049412505125,0.6461254532237881,4.44487825724134,3.474897248953612,4.405752448959383,8.189402764352014,-5.707156331425774,1.971461767379889,6.972497211659961,-2.138178879166365,14.121787453906244,-4.753377507908573,-7.459952609908025,7.962434716066131,-1.4074521934740116,2
0.06796473316405938,-1.0758561314489505,3.624199326465162,4.847184016946261,-8.848530063489802,3.158358993396577,0.9670085605967567,-2.000804787944362,-0.42763597309545465,2.7376858112910494,-4.758346082856722,-7.0349718631979945,-3.376108513888286,-1.3693754443537909,-1.726403077442332,4.0027724370136255,-3.3026652309928544,2.8000334981550337,-3.34299136951693,-1.7281561544229933,-1.6686543395525661,0.4643894764351296,-2.6582713500293362,-2.5650665566841715,-1.909274634169953,2.176030472859172,-4.648498302402388,6.166477234819183,2.1846744960932227,3.6263540441526336,-3.334530340243915,1.0042027341663604,-5.026885956165514,4.776463411182837,2.853827821636364,-0.195630646677596,-1.1574754199124382,3.9422771711792746,4.738005645925374,-5.9852183971374595,-0.7628031795685065,3.8929257990375925,-4.5557379217731615,-5.562356535822868,2.5907774213911523,2.2672373456074935,0.3858372618529917,3.927821844234022,0.404100887062418,1.5472373469190948,1.7155940699679162,2.5701534073898116,2.977655084611314,-5.135958969357507,-1.1046675278858817,0.15247640456620615,0.734621199848914,4.175011656268721,-1.2966622152366112,0.3564984056363425,4.854724432424258,-2.8720387434168724,5.40548173704141,2.6320712714410393,0
5.343377602390382,-1.388615931688467,4.570654501958048,-0.9276388525180932,3.681333369374369,2.080243996391223,2.4609519159109396,-0.8071003076281353,-6.235437017359054,-0.934735712106243,0.504896285307997,0.564522618857946,1.0148876916707419,1.0386221702407106,4.42789505963331,7.808796658483457,1.5578866181974558,9.004352513747133,-2.9083826863126028,-5.3959544904280676e-05,4.977584113371622,-6.358381832981759,6.3968374333139355,-0.7426278062435054,-4.162126873760698,-6.5120748292233,-2.3042084457630243,0.8163815404513106,-2.003894133318312,6.372917892557236,-3.373717401705566,5.071550006744051,6.562679290168176,4.247723952162108,-2.26230746222116,1.3801451217424945,7.234167252664779,3.5512772972125024,-2.2270153724487476,-3.292479289581615,-3.493458343305599,-1.784241586079407,3.9517974931244737,1.3137486283030553,-0.4810343960388759,3.3707572705671627,2.321899954551363,-6.68516868245734,6.2129477973222915,2.2071359597910134,1.288152951077704,9.560571663262207,0.35253130077887707,0.4329108310721719,4.057000912240997,5.662571150674867,-6.026446946480338,2.7744354254747123,2.317154648771695,4.711522618341345,-3.921342973101555,-7.596428924251684,3.118475507989211,3.9921598983667845,2
3.5296008790081546,12.366589834692064,-3.2564585152978323,5.99693247780047,-4.139153724372621,-2.835099676918528,2.3245853821735794,-2.3429057614931215,2.3218660588756954,-4.157201848206768,-4.159208738594394,-2.7244993436191343,1.1913737684494592,10.402159437038872,9.19163155166133,-2.9073884267663126,-1.577285765581899,6.586681911899289,-1.8455564493387109,4.891661248834187,-1.1792006760058917,3.0816477996502774,-0.36833163773790667,-7.128389654290886,-2.0173110443747895,2.449532275250405,2.6444442279514746,-2.2777716135496897,-2.456164218957104,-1.0524650088199938,0.3060172471412861,1.1491076256824875,-0.525874036846343,-6.6944652947712955,9.541434859696604,0.6719811186611813,-3.592889250963163,4.316021202961779,-3.745685999081963,-3.0545052352918884,0.8589407093219903,-1.1132952142710208,0.49696399085675247,-1.8145393211216856,1.6486061280026707,-2.868644267922183,4.372875685726477,-2.338534105889329,3.1233119929914106,-4.596636804247961,-1.562945765725039,3.745380321668863,2.7794422305312487,0.7390104829426922,-1.643959628995868,2.3362215861325453,-1.2052336360328573,-0.8241739156267338,5.885720431355764,-2.7286323306491393,0.7981843064908336,-1.0861881482318596,5.038476038938848,-0.9354476172543985,2
9.007823228290059,0.5175684713085194,2.767421136157834,0.3843952509535544,-0.5856725354212625,-6.634717398442836,-5.421867409216461,3.7948973158652555,6.349445605607042,-2.383590497380848,7.600307077570723,-4.325665006603557,1.3188529453563627,4.575885274394841,2.5698879362761256,-0.7454481388526046,0.4463223184179692,-6.9369463254435315,5.490739428730649,6.8347546710372455,-1.568677004586886,-2.16465612248773,3.0819062061525475,3.2113320386613475,8.368966120808526,-5.326561520504584,-5.049528902661372,-6.6718782117464555,3.270842617624334,-6.0227190145494145,-0.5980210527532352,2.495014192420563,-1.6456477515986254,-14.436629386712381,3.5721193150030315,-3.675062339255266,-1.9404076245467148,-1.6457213018100236,-0.603722420909851,1.1805269381905887,6.584166264966385,-7.536489411926411,3.3525080110381102,-1.2320137987241342,4.676052090941356,-1.928847688348192,-7.626657169492853,-1.744667717601502,9.736156377094185,-8.367278580015576,4.3729712219389025,-12.15388093005507,9.832843667327424,-0.988518521482479,-4.655788577887757,6.903502910212828,-2.6382042129032515,3.591774888017947,-4.482808833084546,9.297846569972474,6.79645185198652,-9.195417007459646,-2.5782065685898856,1.0535643448216863,1
0.9761072790589937,-2.338272955275309,4.885935324143623,-1.6836834109376673,-3.663144856434802,8.633032958342776,2.319696512162204,11.79870998705227,-2.6525217896354962,3.3187730646267912,-5.530177658395191,0.7296721946971683,2.3582057880378207,0.22224054253275582,-6.579771382788314,-2.715630962699646,-8.61349145943251,-6.428331095425003,-1.8725269541038756,-1.0808586013179018,9.136752879737932,-5.631141811279358,0.9059998238955984,-9.17665318956269,-2.4940973168955725,-1.7562457257238009,-2.212751369171076,-1.2353935001411738,-0.9551241237505315,-0.8502253487442437,-5.893885800696195,3.5689768559282884,8.12972114728314,-10.534629754831899,-1.6996376790159418,8.63024823629182,-4.660051054873924,6.368982699563386,-7.023189422022443,-2.16006652260255,6.158559376817104,-5.656539038952214,1.9084629548339627,-9.35300045606817,-5.093322580434042,1.4165925049294046,3.010278855995662,-8.618871661986573,-10.516657966356698,-1.483793045958849,6.647375932573503,-1.4057283855317313,-3.9650067643625553,4.724158658373587,0.1463649853861635,-1.0784698915595032,0.1218364618214971,-10.664750904627823,5.046369799081958,4.77317529364206,-1.3684892512223623,-3.493847047097138,-4.138223459025168,-0.5669171723525284,1
-1.7269423481144341,-3.3586628438479593,6.177863288318567,-1.3435881545994937,5.624062274247487,0.8967284648958167,-0.9038889264726777,3.5800341245976965,-2.3275007336560067,-5.138796247088868,-0.9222757749479449,-0.00314829804791783,-7.459383284723114,-0.8893491854161847,1.4210082111617983,5.508670379190969,-0.8128274903556589,-6.385465423139147,3.200793381572068,-1.1309479236424538,-2.429671782773007,-8.216290167935554,-1.822908425657985,-2.675154317090248,-2.4173274057894067,-2.923459149942752,-2.6402365097292257,-1.570154016807653,2.184674054108762,6.564295263791687,-0.7591734207010075,-5.186058365296274,0.29298826294648395,-0.2965605346109673,-0.4037423840881462,-6.657685672441485,-4.984318263235114,-2.108167549535735,0.9918362404774477,-0.21963927511136738,0.8721669171994354,-1.680808122782342,-3.0846888336606018,-5.79376482592213,-3.8424620812746273,3.664903695832908,-2.420279987528648,0.7797450989410052,-2.0675425451947005,-3.0437991948374807,1.7690017205252213,-0.006152114721451496,4.798701469600216,2.7170607136173235,-3.3442532670416036,4.415633434619792,-6.312060783622049,1.0896691475734102,-7.128948455228901,-8.645196238903488,-1.619033719402882,3.7280772314107633,-2.2215163201593056,3.333356785423815,1
